Genetation iteration  0
--- Initial Population ----
[0.0, -1.0905488536436126e-12, -2.0374090269653767e-13, 6.561738726736527e-11, -2.1136049258025775e-10, -1.4897549257418555e-15, 7.480328145296827e-16, 2.003168075034019e-05, -1.612057394746242e-06, -7.676354210349898e-09, 6.037403680011842e-10]

[0.0, -1.089315269974556e-12, -2.324199896329748e-13, 5.929252677696217e-11, -2.2109397844167822e-10, -1.391242989042877e-15, 7.508355465064635e-16, 2.0514515955710184e-05, -1.5346830895493293e-06, -9.376075548375992e-09, 6.383684848409791e-10]

[0.0, -1.0802176775755921e-12, -2.364772416106691e-13, 6.483860129098992e-11, -2.3449326686228315e-10, -1.4163611158659811e-15, 8.434953171886799e-16, 1.9122993271280903e-05, -1.8581465408301362e-06, -8.707320341982282e-09, 6.50813588885571e-10]

[0.0, -9.592751271396217e-13, -2.0547394003821063e-13, 5.758509879389878e-11, -1.9672328910335598e-10, -1.27102323067093e-15, 7.96820094771498e-16, 1.997169714029267e-05, -1.4771392475898225e-06, -9.670662264805555e-09, 6.522984092006494e-10]

[0.0, -1.0754051858281248e-12, -2.1275216246645692e-13, 6.605288674561223e-11, -2.3968462302991895e-10, -1.4343403464675782e-15, 7.507566256252228e-16, 2.2123965401245485e-05, -1.4640046733815892e-06, -9.130830467846479e-09, 7.092281401906846e-10]

[0.0, -1.1130715450797543e-12, -2.2467897542923795e-13, 6.003030860638205e-11, -2.2669450118366052e-10, -1.4701340548041638e-15, 8.226991682082199e-16, 1.7651471290527767e-05, -1.601478458200539e-06, -8.104433826999081e-09, 6.600940971116065e-10]

[0.0, -9.955739654386876e-13, -2.008824559597419e-13, 6.85991012896124e-11, -2.346310012300718e-10, -1.580898850746443e-15, 8.252672929197287e-16, 2.0412488625343275e-05, -1.6128736836472771e-06, -8.26196111939216e-09, 6.618733155121467e-10]

[0.0, -1.1293183943740809e-12, -2.1729407855690426e-13, 6.334506455338952e-11, -2.3352383931244073e-10, -1.4701340548041638e-15, 7.598357413466172e-16, 2.125180290980163e-05, -1.715436037660919e-06, -8.305153539563812e-09, 6.203347219754767e-10]

[0.0, -9.95352093086467e-13, -2.1180216596045474e-13, 6.225349791050857e-11, -2.4964170346100025e-10, -1.3757797282784547e-15, 8.025731899046356e-16, 2.0106419828586324e-05, -1.5716843972160976e-06, -8.43727015486804e-09, 6.462320524407057e-10]

[0.0, -9.673520584920267e-13, -1.9305161066606694e-13, 7.113016361371475e-11, -2.1021424868972474e-10, -1.4757547751405497e-15, 7.620274884764959e-16, 1.9782798944559678e-05, -1.695686767827238e-06, -1.0138731382181146e-08, 6.87907511819091e-10]

----------------------------
Train and Validation error 
1653562801711.5122 1473206367647.9336
242746871746.7397 95082029739.14096
9175970285129.727 13979086078800.53
169760134289.6988 797624701503.7317
4832698392761.712 12266347642714.012
355436650105.8446 150808463630.2929
214418050182.91498 151694210327.43842
3570308887690.9517 4255512687572.0366
169154130515.73764 124710961503.4277
1693789196261.4907 1812800575535.687
After Selection (Parents Selected) 
[0.0, -1.089315269974556e-12, -2.324199896329748e-13, 5.929252677696217e-11, -2.2109397844167822e-10, -1.391242989042877e-15, 7.508355465064635e-16, 2.0514515955710184e-05, -1.5346830895493293e-06, -9.376075548375992e-09, 6.383684848409791e-10]
[0.0, -9.95352093086467e-13, -2.1180216596045474e-13, 6.225349791050857e-11, -2.4964170346100025e-10, -1.3757797282784547e-15, 8.025731899046356e-16, 2.0106419828586324e-05, -1.5716843972160976e-06, -8.43727015486804e-09, 6.462320524407057e-10]
----------------------------
---After Crossover----
0 [0.0, -1.089315269974556e-12, -2.324199896329748e-13, 5.929252677696217e-11, -2.2109397844167822e-10, -1.3757797282784547e-15, 8.025731899046356e-16, 2.0106419828586324e-05, -1.5716843972160976e-06, -8.43727015486804e-09, 6.462320524407057e-10]
1 [0.0, -9.95352093086467e-13, -2.1180216596045474e-13, 6.225349791050857e-11, -2.4964170346100025e-10, -1.391242989042877e-15, 7.508355465064635e-16, 2.0514515955710184e-05, -1.5346830895493293e-06, -9.376075548375992e-09, 6.383684848409791e-10]
2 [0.0, -1.089315269974556e-12, -2.324199896329748e-13, 5.929252677696217e-11, -2.2109397844167822e-10, -1.3757797282784547e-15, 8.025731899046356e-16, 2.0106419828586324e-05, -1.5716843972160976e-06, -8.43727015486804e-09, 6.462320524407057e-10]
3 [0.0, -9.95352093086467e-13, -2.1180216596045474e-13, 6.225349791050857e-11, -2.4964170346100025e-10, -1.391242989042877e-15, 7.508355465064635e-16, 2.0514515955710184e-05, -1.5346830895493293e-06, -9.376075548375992e-09, 6.383684848409791e-10]
4 [0.0, -1.089315269974556e-12, -2.324199896329748e-13, 5.929252677696217e-11, -2.2109397844167822e-10, -1.3757797282784547e-15, 8.025731899046356e-16, 2.0106419828586324e-05, -1.5716843972160976e-06, -8.43727015486804e-09, 6.462320524407057e-10]
5 [0.0, -9.95352093086467e-13, -2.1180216596045474e-13, 6.225349791050857e-11, -2.4964170346100025e-10, -1.391242989042877e-15, 7.508355465064635e-16, 2.0514515955710184e-05, -1.5346830895493293e-06, -9.376075548375992e-09, 6.383684848409791e-10]
6 [0.0, -1.089315269974556e-12, -2.324199896329748e-13, 5.929252677696217e-11, -2.2109397844167822e-10, -1.3757797282784547e-15, 8.025731899046356e-16, 2.0106419828586324e-05, -1.5716843972160976e-06, -8.43727015486804e-09, 6.462320524407057e-10]
7 [0.0, -9.95352093086467e-13, -2.1180216596045474e-13, 6.225349791050857e-11, -2.4964170346100025e-10, -1.391242989042877e-15, 7.508355465064635e-16, 2.0514515955710184e-05, -1.5346830895493293e-06, -9.376075548375992e-09, 6.383684848409791e-10]
8 [0.0, -1.089315269974556e-12, -2.324199896329748e-13, 5.929252677696217e-11, -2.2109397844167822e-10, -1.3757797282784547e-15, 8.025731899046356e-16, 2.0106419828586324e-05, -1.5716843972160976e-06, -8.43727015486804e-09, 6.462320524407057e-10]
9 [0.0, -9.95352093086467e-13, -2.1180216596045474e-13, 6.225349791050857e-11, -2.4964170346100025e-10, -1.391242989042877e-15, 7.508355465064635e-16, 2.0514515955710184e-05, -1.5346830895493293e-06, -9.376075548375992e-09, 6.383684848409791e-10]
----------------------------
----After Mutation--- 
0 [0.0, -1.0872696746909237e-12, -2.499917424804748e-13, 5.929252677696217e-11, -1.9929832851142002e-10, -1.3587827076564787e-15, 8.447633546074949e-16, 1.856663107808008e-05, -1.4743594890949136e-06, -7.973358519634768e-09, 6.462320524407057e-10]
1 [0.0, -9.875244599895228e-13, -2.2173576592062215e-13, 6.225349791050857e-11, -2.4964170346100025e-10, -1.2940703268407644e-15, 7.803105999639453e-16, 2.0514515955710184e-05, -1.5346830895493293e-06, -9.376075548375992e-09, 6.383684848409791e-10]
2 [0.0, -1.1562531153832287e-12, -2.472671200611203e-13, 5.929252677696217e-11, -2.3019552402102224e-10, -1.3343286556117352e-15, 8.401397551626178e-16, 2.0106419828586324e-05, -1.4408590758883475e-06, -7.974492886135524e-09, 6.872035655840444e-10]
3 [0.0, -1.0321613963631766e-12, -2.121724837747513e-13, 5.790190353087693e-11, -2.4964170346100025e-10, -1.431677734326632e-15, 7.133667402361865e-16, 2.1590333493251516e-05, -1.4506411377368754e-06, -8.873127590548703e-09, 6.383684848409791e-10]
4 [0.0, -1.129263454448916e-12, -2.353359738835116e-13, 5.976673434024733e-11, -2.3431297069928405e-10, -1.3003047725636052e-15, 8.025731899046356e-16, 2.06884858187425e-05, -1.4918297770187764e-06, -8.43727015486804e-09, 6.017652408300561e-10]
5 [0.0, -9.31483068201345e-13, -1.9876093136882665e-13, 6.091268448720054e-11, -2.4964170346100025e-10, -1.3028826879554588e-15, 8.2029657173478615e-16, 1.96624376815371e-05, -1.4630647070559315e-06, -9.277573348735455e-09, 6.038036348064064e-10]
6 [0.0, -1.0771470381070215e-12, -2.0990031501450857e-13, 5.7547243066342124e-11, -2.1920642149482658e-10, -1.2523993466878745e-15, 8.025731899046356e-16, 2.173988409342245e-05, -1.4737743758480488e-06, -8.875579530392809e-09, 6.207648526208669e-10]
7 [0.0, -9.173357662822328e-13, -2.1814744126302678e-13, 6.154113948526821e-11, -2.5989803945431346e-10, -1.391242989042877e-15, 8.12513175146674e-16, 2.0458286497704493e-05, -1.6325618663601637e-06, -9.399112160224132e-09, 6.107585598335413e-10]
8 [0.0, -1.0187609133400378e-12, -2.281743428644126e-13, 6.01283845747266e-11, -2.1446092372002774e-10, -1.3598871587543378e-15, 7.925129094441949e-16, 2.0106419828586324e-05, -1.6139646497122185e-06, -8.146517379232536e-09, 6.90570761804578e-10]
9 [0.0, -9.352228213825495e-13, -1.911367186057732e-13, 6.225349791050857e-11, -2.518160557815843e-10, -1.514217364427792e-15, 7.508355465064635e-16, 1.9643569065254918e-05, -1.5017917633991895e-06, -9.376075548375992e-09, 6.776080891817206e-10]
----------------------------
Train and Validation error 
489440769088.51447 1828772575495.7566
197931938380.5363 81014740135.92601
4501895434682.836 11384277814078.934
791366833630.8663 2684579382101.926
221592775033.09033 113340014429.46768
362865814548.88794 163239103155.9686
264451500240.7395 956951944534.9453
3565351853212.982 4519206396129.91
396318695049.43353 1400760495459.894
397713064639.05774 1635649654597.47

-------------------NEW GENERATION-------------
[0.0, -9.95352093086467e-13, -2.1180216596045474e-13, 6.225349791050857e-11, -2.4964170346100025e-10, -1.3757797282784547e-15, 8.025731899046356e-16, 2.0106419828586324e-05, -1.5716843972160976e-06, -8.43727015486804e-09, 6.462320524407057e-10]

[0.0, -1.089315269974556e-12, -2.324199896329748e-13, 5.929252677696217e-11, -2.2109397844167822e-10, -1.391242989042877e-15, 7.508355465064635e-16, 2.0514515955710184e-05, -1.5346830895493293e-06, -9.376075548375992e-09, 6.383684848409791e-10]

[0.0, -9.955739654386876e-13, -2.008824559597419e-13, 6.85991012896124e-11, -2.346310012300718e-10, -1.580898850746443e-15, 8.252672929197287e-16, 2.0412488625343275e-05, -1.6128736836472771e-06, -8.26196111939216e-09, 6.618733155121467e-10]

[0.0, -9.875244599895228e-13, -2.2173576592062215e-13, 6.225349791050857e-11, -2.4964170346100025e-10, -1.2940703268407644e-15, 7.803105999639453e-16, 2.0514515955710184e-05, -1.5346830895493293e-06, -9.376075548375992e-09, 6.383684848409791e-10]

[0.0, -1.1130715450797543e-12, -2.2467897542923795e-13, 6.003030860638205e-11, -2.2669450118366052e-10, -1.4701340548041638e-15, 8.226991682082199e-16, 1.7651471290527767e-05, -1.601478458200539e-06, -8.104433826999081e-09, 6.600940971116065e-10]

[0.0, -1.129263454448916e-12, -2.353359738835116e-13, 5.976673434024733e-11, -2.3431297069928405e-10, -1.3003047725636052e-15, 8.025731899046356e-16, 2.06884858187425e-05, -1.4918297770187764e-06, -8.43727015486804e-09, 6.017652408300561e-10]

[0.0, -9.31483068201345e-13, -1.9876093136882665e-13, 6.091268448720054e-11, -2.4964170346100025e-10, -1.3028826879554588e-15, 8.2029657173478615e-16, 1.96624376815371e-05, -1.4630647070559315e-06, -9.277573348735455e-09, 6.038036348064064e-10]

[0.0, -9.592751271396217e-13, -2.0547394003821063e-13, 5.758509879389878e-11, -1.9672328910335598e-10, -1.27102323067093e-15, 7.96820094771498e-16, 1.997169714029267e-05, -1.4771392475898225e-06, -9.670662264805555e-09, 6.522984092006494e-10]

[0.0, -1.0771470381070215e-12, -2.0990031501450857e-13, 5.7547243066342124e-11, -2.1920642149482658e-10, -1.2523993466878745e-15, 8.025731899046356e-16, 2.173988409342245e-05, -1.4737743758480488e-06, -8.875579530392809e-09, 6.207648526208669e-10]

[0.0, -1.0905488536436126e-12, -2.0374090269653767e-13, 6.561738726736527e-11, -2.1136049258025775e-10, -1.4897549257418555e-15, 7.480328145296827e-16, 2.003168075034019e-05, -1.612057394746242e-06, -7.676354210349898e-09, 6.037403680011842e-10]

--------------------GENERATION ENDED-------------


Genetation iteration  1
--- Initial Population ----
[0.0, -9.95352093086467e-13, -1.9354680824514766e-13, 5.968810591647087e-11, -2.4964170346100025e-10, -1.3567210198022863e-15, 8.693388537803645e-16, 1.9719736092910477e-05, -1.5584115061757092e-06, -8.56792105670796e-09, 6.462320524407057e-10]

[0.0, -1.1135304423186349e-12, -2.114588138349772e-13, 5.929252677696217e-11, -2.2234150451936367e-10, -1.450097329121089e-15, 6.896732252692446e-16, 2.0484920681454207e-05, -1.395528071322366e-06, -8.478649996872897e-09, 6.712670979529655e-10]

[0.0, -9.57610894982796e-13, -2.008824559597419e-13, 6.85991012896124e-11, -2.2699976616649776e-10, -1.4337687344708258e-15, 7.837598506303176e-16, 1.8386877475917437e-05, -1.6079097941853406e-06, -7.789642646552258e-09, 6.456378185740794e-10]

[0.0, -9.301214626765066e-13, -2.362376248118701e-13, 6.425013797555847e-11, -2.612799913592008e-10, -1.364238177939603e-15, 7.956972046838609e-16, 2.0514515955710184e-05, -1.5414380008188869e-06, -8.759391089072178e-09, 6.453469579731745e-10]

[0.0, -1.0804912815375984e-12, -2.2467897542923795e-13, 6.003030860638205e-11, -2.2677658144696219e-10, -1.4763507109592528e-15, 9.025842773243662e-16, 1.7801346290926264e-05, -1.4542870610247956e-06, -8.447263461769296e-09, 6.153302736841231e-10]

[0.0, -1.129263454448916e-12, -2.353359738835116e-13, 5.42617231971853e-11, -2.360283225160538e-10, -1.3949760532319769e-15, 8.822600053732171e-16, 2.118880021333473e-05, -1.4918297770187764e-06, -7.595592127966986e-09, 5.965322653467162e-10]

[0.0, -8.475228047443396e-13, -1.9300214787035976e-13, 5.6538700578845624e-11, -2.625037266708176e-10, -1.220100245164975e-15, 8.333634920150571e-16, 2.071468272723197e-05, -1.4630647070559315e-06, -1.0186784545118515e-08, 6.091235289027065e-10]

[0.0, -8.886936517311601e-13, -2.2446745953736042e-13, 5.4455532943041375e-11, -2.0249925961903428e-10, -1.218192640351605e-15, 7.673065865390187e-16, 1.997169714029267e-05, -1.6050889115193153e-06, -8.980567454941573e-09, 6.335928067293384e-10]

[0.0, -1.0771470381070215e-12, -2.2485718561441337e-13, 5.592468019459739e-11, -2.405286897505129e-10, -1.264506697824333e-15, 7.934486308415381e-16, 2.2619302606667878e-05, -1.5150448383184032e-06, -8.7359212169629e-09, 6.44609742887313e-10]

[0.0, -1.1585989289737675e-12, -2.1236468327377473e-13, 6.561738726736527e-11, -2.043325184747543e-10, -1.3853693740760289e-15, 7.059404749301551e-16, 2.0678425561067052e-05, -1.612057394746242e-06, -7.725772870121134e-09, 6.037403680011842e-10]

----------------------------
Train and Validation error 
148637637609.38907 120752155542.81758
3945778723580.8125 10348420394210.477
471375582139.1672 212121884091.23047
129529528609.34717 316253984588.97076
170516270505.7429 124315157622.79019
222836165840.59528 422439150767.79944
399247244507.91125 200050597517.2874
975066921736.1211 819069622881.7869
651872540527.0902 2086702277544.3333
1320507631369.2397 1040159864376.4045
After Selection (Parents Selected) 
[0.0, -1.0804912815375984e-12, -2.2467897542923795e-13, 6.003030860638205e-11, -2.2677658144696219e-10, -1.4763507109592528e-15, 9.025842773243662e-16, 1.7801346290926264e-05, -1.4542870610247956e-06, -8.447263461769296e-09, 6.153302736841231e-10]
[0.0, -9.95352093086467e-13, -1.9354680824514766e-13, 5.968810591647087e-11, -2.4964170346100025e-10, -1.3567210198022863e-15, 8.693388537803645e-16, 1.9719736092910477e-05, -1.5584115061757092e-06, -8.56792105670796e-09, 6.462320524407057e-10]
----------------------------
---After Crossover----
0 [0.0, -1.0804912815375984e-12, -2.2467897542923795e-13, 6.003030860638205e-11, -2.2677658144696219e-10, -1.3567210198022863e-15, 8.693388537803645e-16, 1.9719736092910477e-05, -1.5584115061757092e-06, -8.56792105670796e-09, 6.462320524407057e-10]
1 [0.0, -9.95352093086467e-13, -1.9354680824514766e-13, 5.968810591647087e-11, -2.4964170346100025e-10, -1.4763507109592528e-15, 9.025842773243662e-16, 1.7801346290926264e-05, -1.4542870610247956e-06, -8.447263461769296e-09, 6.153302736841231e-10]
2 [0.0, -1.0804912815375984e-12, -2.2467897542923795e-13, 6.003030860638205e-11, -2.2677658144696219e-10, -1.3567210198022863e-15, 8.693388537803645e-16, 1.9719736092910477e-05, -1.5584115061757092e-06, -8.56792105670796e-09, 6.462320524407057e-10]
3 [0.0, -9.95352093086467e-13, -1.9354680824514766e-13, 5.968810591647087e-11, -2.4964170346100025e-10, -1.4763507109592528e-15, 9.025842773243662e-16, 1.7801346290926264e-05, -1.4542870610247956e-06, -8.447263461769296e-09, 6.153302736841231e-10]
4 [0.0, -1.0804912815375984e-12, -2.2467897542923795e-13, 6.003030860638205e-11, -2.2677658144696219e-10, -1.3567210198022863e-15, 8.693388537803645e-16, 1.9719736092910477e-05, -1.5584115061757092e-06, -8.56792105670796e-09, 6.462320524407057e-10]
5 [0.0, -9.95352093086467e-13, -1.9354680824514766e-13, 5.968810591647087e-11, -2.4964170346100025e-10, -1.4763507109592528e-15, 9.025842773243662e-16, 1.7801346290926264e-05, -1.4542870610247956e-06, -8.447263461769296e-09, 6.153302736841231e-10]
6 [0.0, -1.0804912815375984e-12, -2.2467897542923795e-13, 6.003030860638205e-11, -2.2677658144696219e-10, -1.3567210198022863e-15, 8.693388537803645e-16, 1.9719736092910477e-05, -1.5584115061757092e-06, -8.56792105670796e-09, 6.462320524407057e-10]
7 [0.0, -9.95352093086467e-13, -1.9354680824514766e-13, 5.968810591647087e-11, -2.4964170346100025e-10, -1.4763507109592528e-15, 9.025842773243662e-16, 1.7801346290926264e-05, -1.4542870610247956e-06, -8.447263461769296e-09, 6.153302736841231e-10]
8 [0.0, -1.0804912815375984e-12, -2.2467897542923795e-13, 6.003030860638205e-11, -2.2677658144696219e-10, -1.3567210198022863e-15, 8.693388537803645e-16, 1.9719736092910477e-05, -1.5584115061757092e-06, -8.56792105670796e-09, 6.462320524407057e-10]
9 [0.0, -9.95352093086467e-13, -1.9354680824514766e-13, 5.968810591647087e-11, -2.4964170346100025e-10, -1.4763507109592528e-15, 9.025842773243662e-16, 1.7801346290926264e-05, -1.4542870610247956e-06, -8.447263461769296e-09, 6.153302736841231e-10]
----------------------------
----After Mutation--- 
0 [0.0, -1.14175982709489e-12, -2.053136072689568e-13, 6.003030860638205e-11, -2.2360760038568335e-10, -1.3567210198022863e-15, 8.054228699470484e-16, 1.873344917246279e-05, -1.5584115061757092e-06, -8.399362737727049e-09, 6.755730355559367e-10]
1 [0.0, -9.549861506811182e-13, -1.9222831932296656e-13, 5.968810591647087e-11, -2.3889534928525333e-10, -1.6030336309692944e-15, 9.337568853910202e-16, 1.919325163722224e-05, -1.376213151462999e-06, -8.447263461769296e-09, 6.349209895591553e-10]
2 [0.0, -1.0807702544981597e-12, -2.1394259193861545e-13, 6.083175581201102e-11, -2.2303328533342082e-10, -1.2586552615954892e-15, 8.232670456971377e-16, 1.9719736092910477e-05, -1.6369647949418036e-06, -9.200153064090447e-09, 6.421347933247706e-10]
3 [0.0, -1.0746923501257327e-12, -1.9354680824514766e-13, 6.417518303476446e-11, -2.544255191277998e-10, -1.3379410841522374e-15, 9.333284893372813e-16, 1.9334992089442812e-05, -1.4473383245037243e-06, -8.522767929770063e-09, 6.727968237077947e-10]
4 [0.0, -1.0804912815375984e-12, -2.2467897542923795e-13, 6.463961777717767e-11, -2.075255660121848e-10, -1.318983668069765e-15, 9.495399805164683e-16, 1.9719736092910477e-05, -1.5731561102567743e-06, -9.350289798246229e-09, 6.224176419950398e-10]
5 [0.0, -1.0927181694731412e-12, -1.9873091412689314e-13, 6.083716701315811e-11, -2.578459380813641e-10, -1.5888958066517471e-15, 9.324605669612722e-16, 1.9302212728566234e-05, -1.5436217812937335e-06, -8.957086710913229e-09, 6.153302736841231e-10]
6 [0.0, -1.0544472636436778e-12, -2.0985140881926162e-13, 6.446403242726756e-11, -2.2677658144696219e-10, -1.3506919351913113e-15, 8.693388537803645e-16, 2.0701197530455982e-05, -1.5679639619704604e-06, -8.56792105670796e-09, 6.998304834189257e-10]
7 [0.0, -1.0869342482204689e-12, -1.8214094418564772e-13, 5.968810591647087e-11, -2.2557144835157568e-10, -1.4919729751830425e-15, 9.377533703907623e-16, 1.7801346290926264e-05, -1.5017974720773478e-06, -9.187806858462102e-09, 5.778901910901138e-10]
8 [0.0, -1.0192601238954095e-12, -2.2467897542923795e-13, 6.213507821016263e-11, -2.491975949434759e-10, -1.4886675042429825e-15, 8.693388537803645e-16, 2.0230960824083986e-05, -1.6967193422207208e-06, -7.890439844295589e-09, 6.62443879376828e-10]
9 [0.0, -9.042316790356723e-13, -1.9038328136979994e-13, 6.39978431712014e-11, -2.3105921246216983e-10, -1.6082431405618322e-15, 9.444966220301336e-16, 1.7016985813435835e-05, -1.3747793792990698e-06, -8.447263461769296e-09, 6.084824677115777e-10]
----------------------------
Train and Validation error 
198732454765.00134 887778338585.4498
1244392133516.7512 4055583800281.0225
1540881943807.9067 1610865675336.0068
1910314200577.8992 5462408690595.103
1399246575503.3145 1374916264906.4133
1292218019581.7546 1102851347772.7888
1236322494146.0579 3725549192478.878
3406372803410.6855 4279271403160.681
799399209450.0974 440597043637.9586
139273614443.08072 561070647046.5189

-------------------NEW GENERATION-------------
[0.0, -9.95352093086467e-13, -1.9354680824514766e-13, 5.968810591647087e-11, -2.4964170346100025e-10, -1.3567210198022863e-15, 8.693388537803645e-16, 1.9719736092910477e-05, -1.5584115061757092e-06, -8.56792105670796e-09, 6.462320524407057e-10]

[0.0, -1.0804912815375984e-12, -2.2467897542923795e-13, 6.003030860638205e-11, -2.2677658144696219e-10, -1.4763507109592528e-15, 9.025842773243662e-16, 1.7801346290926264e-05, -1.4542870610247956e-06, -8.447263461769296e-09, 6.153302736841231e-10]

[0.0, -9.301214626765066e-13, -2.362376248118701e-13, 6.425013797555847e-11, -2.612799913592008e-10, -1.364238177939603e-15, 7.956972046838609e-16, 2.0514515955710184e-05, -1.5414380008188869e-06, -8.759391089072178e-09, 6.453469579731745e-10]

[0.0, -8.475228047443396e-13, -1.9300214787035976e-13, 5.6538700578845624e-11, -2.625037266708176e-10, -1.220100245164975e-15, 8.333634920150571e-16, 2.071468272723197e-05, -1.4630647070559315e-06, -1.0186784545118515e-08, 6.091235289027065e-10]

[0.0, -9.042316790356723e-13, -1.9038328136979994e-13, 6.39978431712014e-11, -2.3105921246216983e-10, -1.6082431405618322e-15, 9.444966220301336e-16, 1.7016985813435835e-05, -1.3747793792990698e-06, -8.447263461769296e-09, 6.084824677115777e-10]

[0.0, -9.57610894982796e-13, -2.008824559597419e-13, 6.85991012896124e-11, -2.2699976616649776e-10, -1.4337687344708258e-15, 7.837598506303176e-16, 1.8386877475917437e-05, -1.6079097941853406e-06, -7.789642646552258e-09, 6.456378185740794e-10]

[0.0, -1.129263454448916e-12, -2.353359738835116e-13, 5.42617231971853e-11, -2.360283225160538e-10, -1.3949760532319769e-15, 8.822600053732171e-16, 2.118880021333473e-05, -1.4918297770187764e-06, -7.595592127966986e-09, 5.965322653467162e-10]

[0.0, -1.0192601238954095e-12, -2.2467897542923795e-13, 6.213507821016263e-11, -2.491975949434759e-10, -1.4886675042429825e-15, 8.693388537803645e-16, 2.0230960824083986e-05, -1.6967193422207208e-06, -7.890439844295589e-09, 6.62443879376828e-10]

[0.0, -1.14175982709489e-12, -2.053136072689568e-13, 6.003030860638205e-11, -2.2360760038568335e-10, -1.3567210198022863e-15, 8.054228699470484e-16, 1.873344917246279e-05, -1.5584115061757092e-06, -8.399362737727049e-09, 6.755730355559367e-10]

[0.0, -1.0927181694731412e-12, -1.9873091412689314e-13, 6.083716701315811e-11, -2.578459380813641e-10, -1.5888958066517471e-15, 9.324605669612722e-16, 1.9302212728566234e-05, -1.5436217812937335e-06, -8.957086710913229e-09, 6.153302736841231e-10]

--------------------GENERATION ENDED-------------


Genetation iteration  2
--- Initial Population ----
[0.0, -9.95352093086467e-13, -1.834614651358366e-13, 6.552929205078174e-11, -2.5219948284737056e-10, -1.2886381419658598e-15, 9.109471995993301e-16, 2.009065313320771e-05, -1.6094626518039818e-06, -8.56792105670796e-09, 6.484657016463218e-10]

[0.0, -9.862080436168928e-13, -2.1976280243332127e-13, 6.533191174844171e-11, -2.2677658144696219e-10, -1.4763507109592528e-15, 9.025842773243662e-16, 1.7782286467230454e-05, -1.5013655244800091e-06, -8.447263461769296e-09, 6.26019224692578e-10]

[0.0, -8.549255578819536e-13, -2.400059419959372e-13, 6.749918787159155e-11, -2.854417688247188e-10, -1.364238177939603e-15, 8.360953222541126e-16, 1.9284090595829714e-05, -1.5786514127073413e-06, -9.203156418348964e-09, 6.453469579731745e-10]

[0.0, -9.013408798368563e-13, -1.756464153100288e-13, 5.6538700578845624e-11, -2.7830583168717034e-10, -1.2431481252940728e-15, 7.78921468505495e-16, 2.071468272723197e-05, -1.4481125019826447e-06, -1.0186784545118515e-08, 5.895715825276419e-10]

[0.0, -9.699298304244253e-13, -1.9038328136979994e-13, 6.452093899358499e-11, -2.1435096141444217e-10, -1.5687973460146337e-15, 9.444966220301336e-16, 1.777363984034146e-05, -1.415078043563328e-06, -9.265743990830413e-09, 5.971117565787893e-10]

[0.0, -1.0211634561748623e-12, -1.8272748503323458e-13, 6.85991012896124e-11, -2.1827671763396164e-10, -1.295975191277303e-15, 7.799638777715155e-16, 1.692107291038358e-05, -1.7445434519198606e-06, -7.013234334100341e-09, 6.456378185740794e-10]

[0.0, -1.1379985176833512e-12, -2.206324909800673e-13, 4.8859610948151894e-11, -2.5110723439724275e-10, -1.3949760532319769e-15, 9.066133702627965e-16, 1.9361745770293078e-05, -1.426773765311861e-06, -7.335479135258764e-09, 6.340228072490819e-10]

[0.0, -1.0192601238954095e-12, -2.2189367606162026e-13, 5.934752733665804e-11, -2.445695411531287e-10, -1.6282192101964487e-15, 8.472166871155115e-16, 1.861159088241309e-05, -1.7449570401396243e-06, -7.127079873655531e-09, 6.26308028264987e-10]

[0.0, -1.1128617730975353e-12, -2.128906336362215e-13, 5.591058465121298e-11, -2.1421356431337602e-10, -1.2512162002535645e-15, 7.582740157214105e-16, 1.9875913936749392e-05, -1.5756166322666705e-06, -8.776022528457808e-09, 6.256145075077057e-10]

[0.0, -1.0927181694731412e-12, -1.816000027851831e-13, 6.083716701315811e-11, -2.42277739702242e-10, -1.509249255204326e-15, 9.40369371395297e-16, 2.0622091729767428e-05, -1.6108529209188025e-06, -9.38691932494927e-09, 5.994453443808263e-10]

----------------------------
Train and Validation error 
370298085669.68695 128646151089.38313
309058291224.0978 129115547611.18489
640703694093.327 420990985331.172
820535133248.1774 632128614938.2358
618302153752.7499 369889949584.45483
2981893215659.357 3790331190792.34
1576469435138.8887 4696179098478.573
4315869337433.7812 5404251719187.586
723699908948.71 491882493051.57
3862988898020.4673 4845080737321.295
After Selection (Parents Selected) 
[0.0, -9.95352093086467e-13, -1.834614651358366e-13, 6.552929205078174e-11, -2.5219948284737056e-10, -1.2886381419658598e-15, 9.109471995993301e-16, 2.009065313320771e-05, -1.6094626518039818e-06, -8.56792105670796e-09, 6.484657016463218e-10]
[0.0, -9.862080436168928e-13, -2.1976280243332127e-13, 6.533191174844171e-11, -2.2677658144696219e-10, -1.4763507109592528e-15, 9.025842773243662e-16, 1.7782286467230454e-05, -1.5013655244800091e-06, -8.447263461769296e-09, 6.26019224692578e-10]
----------------------------
---After Crossover----
0 [0.0, -9.95352093086467e-13, -1.834614651358366e-13, 6.552929205078174e-11, -2.5219948284737056e-10, -1.4763507109592528e-15, 9.025842773243662e-16, 1.7782286467230454e-05, -1.5013655244800091e-06, -8.447263461769296e-09, 6.26019224692578e-10]
1 [0.0, -9.862080436168928e-13, -2.1976280243332127e-13, 6.533191174844171e-11, -2.2677658144696219e-10, -1.2886381419658598e-15, 9.109471995993301e-16, 2.009065313320771e-05, -1.6094626518039818e-06, -8.56792105670796e-09, 6.484657016463218e-10]
2 [0.0, -9.95352093086467e-13, -1.834614651358366e-13, 6.552929205078174e-11, -2.5219948284737056e-10, -1.4763507109592528e-15, 9.025842773243662e-16, 1.7782286467230454e-05, -1.5013655244800091e-06, -8.447263461769296e-09, 6.26019224692578e-10]
3 [0.0, -9.862080436168928e-13, -2.1976280243332127e-13, 6.533191174844171e-11, -2.2677658144696219e-10, -1.2886381419658598e-15, 9.109471995993301e-16, 2.009065313320771e-05, -1.6094626518039818e-06, -8.56792105670796e-09, 6.484657016463218e-10]
4 [0.0, -9.95352093086467e-13, -1.834614651358366e-13, 6.552929205078174e-11, -2.5219948284737056e-10, -1.4763507109592528e-15, 9.025842773243662e-16, 1.7782286467230454e-05, -1.5013655244800091e-06, -8.447263461769296e-09, 6.26019224692578e-10]
5 [0.0, -9.862080436168928e-13, -2.1976280243332127e-13, 6.533191174844171e-11, -2.2677658144696219e-10, -1.2886381419658598e-15, 9.109471995993301e-16, 2.009065313320771e-05, -1.6094626518039818e-06, -8.56792105670796e-09, 6.484657016463218e-10]
6 [0.0, -9.95352093086467e-13, -1.834614651358366e-13, 6.552929205078174e-11, -2.5219948284737056e-10, -1.4763507109592528e-15, 9.025842773243662e-16, 1.7782286467230454e-05, -1.5013655244800091e-06, -8.447263461769296e-09, 6.26019224692578e-10]
7 [0.0, -9.862080436168928e-13, -2.1976280243332127e-13, 6.533191174844171e-11, -2.2677658144696219e-10, -1.2886381419658598e-15, 9.109471995993301e-16, 2.009065313320771e-05, -1.6094626518039818e-06, -8.56792105670796e-09, 6.484657016463218e-10]
8 [0.0, -9.95352093086467e-13, -1.834614651358366e-13, 6.552929205078174e-11, -2.5219948284737056e-10, -1.4763507109592528e-15, 9.025842773243662e-16, 1.7782286467230454e-05, -1.5013655244800091e-06, -8.447263461769296e-09, 6.26019224692578e-10]
9 [0.0, -9.862080436168928e-13, -2.1976280243332127e-13, 6.533191174844171e-11, -2.2677658144696219e-10, -1.2886381419658598e-15, 9.109471995993301e-16, 2.009065313320771e-05, -1.6094626518039818e-06, -8.56792105670796e-09, 6.484657016463218e-10]
----------------------------
----After Mutation--- 
0 [0.0, -9.95352093086467e-13, -1.7146615284714635e-13, 6.552929205078174e-11, -2.5219948284737056e-10, -1.5169707456187045e-15, 8.689230756997923e-16, 1.6921266075966516e-05, -1.5650377347903096e-06, -8.923085121572014e-09, 5.962740527915505e-10]
1 [0.0, -9.744571258040125e-13, -2.2183215954455343e-13, 6.586100219796371e-11, -2.3823263066582486e-10, -1.2886381419658598e-15, 8.572843852101944e-16, 2.2026347434544376e-05, -1.6094626518039818e-06, -8.56792105670796e-09, 5.893736440078826e-10]
2 [0.0, -9.95352093086467e-13, -1.6979984841736737e-13, 6.69360468166054e-11, -2.332286651521627e-10, -1.4813527356583938e-15, 8.747599036855902e-16, 1.8824551331655004e-05, -1.442111589974488e-06, -7.947303219942907e-09, 6.02223025909063e-10]
3 [0.0, -1.0213416499654336e-12, -2.1976280243332127e-13, 7.121897888966668e-11, -2.2185441788410832e-10, -1.197426135209974e-15, 9.801126818437878e-16, 1.897794205838156e-05, -1.6976760575111676e-06, -9.134747388485883e-09, 6.990413008100105e-10]
4 [0.0, -1.0554191604373354e-12, -1.9158646761537677e-13, 6.552929205078174e-11, -2.5219948284737056e-10, -1.5115475488175166e-15, 9.035571099233203e-16, 1.7708273992748836e-05, -1.5013655244800091e-06, -8.447263461769296e-09, 6.694775088768366e-10]
5 [0.0, -9.166788619302907e-13, -2.120962767207146e-13, 6.34841855634398e-11, -2.3395846720894816e-10, -1.2886381419658598e-15, 9.86193653436139e-16, 1.9514251950002395e-05, -1.6094626518039818e-06, -8.56792105670796e-09, 6.157652484930265e-10]
6 [0.0, -9.95352093086467e-13, -1.6525278140986396e-13, 7.004034197396198e-11, -2.2715448936334918e-10, -1.5476841727152361e-15, 9.74385353274861e-16, 1.655698762365038e-05, -1.553014912283583e-06, -8.447263461769296e-09, 6.26019224692578e-10]
7 [0.0, -1.0493788788871185e-12, -2.095132525677314e-13, 6.631231991894708e-11, -2.4921617247490293e-10, -1.3368808780829686e-15, 9.466931162771436e-16, 2.128540142134217e-05, -1.6258056162151612e-06, -8.760264618526876e-09, 6.079295330603714e-10]
8 [0.0, -1.0227885077375758e-12, -1.834614651358366e-13, 6.0396374722375e-11, -2.338156064969648e-10, -1.4763507109592528e-15, 8.663780266303118e-16, 1.6913906623096935e-05, -1.5013655244800091e-06, -8.048396650971767e-09, 6.391371015453581e-10]
9 [0.0, -9.985157581841416e-13, -2.301432731126501e-13, 6.144469129928786e-11, -2.1818120266270084e-10, -1.3872164670544894e-15, 1.0012440559362145e-15, 2.157787322616572e-05, -1.6094626518039818e-06, -8.64090414756712e-09, 6.455570677610422e-10]
----------------------------
Train and Validation error 
4322544394376.5796 5790115459245.723
2175909256597.7039 2241389621275.837
138997820237.97174 336674147817.1991
450860345272.95685 280612211380.557
266996391476.99396 1223487411960.5745
1797357212343.4792 1906304775602.1304
1505790016711.4707 1503017124830.3062
2129352091334.257 2238682377503.355
111550273719.15701 143948688687.91617
319255146287.4513 88468644848.18034

-------------------NEW GENERATION-------------
[0.0, -1.0227885077375758e-12, -1.834614651358366e-13, 6.0396374722375e-11, -2.338156064969648e-10, -1.4763507109592528e-15, 8.663780266303118e-16, 1.6913906623096935e-05, -1.5013655244800091e-06, -8.048396650971767e-09, 6.391371015453581e-10]

[0.0, -9.862080436168928e-13, -2.1976280243332127e-13, 6.533191174844171e-11, -2.2677658144696219e-10, -1.4763507109592528e-15, 9.025842773243662e-16, 1.7782286467230454e-05, -1.5013655244800091e-06, -8.447263461769296e-09, 6.26019224692578e-10]

[0.0, -9.95352093086467e-13, -1.834614651358366e-13, 6.552929205078174e-11, -2.5219948284737056e-10, -1.2886381419658598e-15, 9.109471995993301e-16, 2.009065313320771e-05, -1.6094626518039818e-06, -8.56792105670796e-09, 6.484657016463218e-10]

[0.0, -9.985157581841416e-13, -2.301432731126501e-13, 6.144469129928786e-11, -2.1818120266270084e-10, -1.3872164670544894e-15, 1.0012440559362145e-15, 2.157787322616572e-05, -1.6094626518039818e-06, -8.64090414756712e-09, 6.455570677610422e-10]

[0.0, -9.95352093086467e-13, -1.6979984841736737e-13, 6.69360468166054e-11, -2.332286651521627e-10, -1.4813527356583938e-15, 8.747599036855902e-16, 1.8824551331655004e-05, -1.442111589974488e-06, -7.947303219942907e-09, 6.02223025909063e-10]

[0.0, -1.0213416499654336e-12, -2.1976280243332127e-13, 7.121897888966668e-11, -2.2185441788410832e-10, -1.197426135209974e-15, 9.801126818437878e-16, 1.897794205838156e-05, -1.6976760575111676e-06, -9.134747388485883e-09, 6.990413008100105e-10]

[0.0, -9.699298304244253e-13, -1.9038328136979994e-13, 6.452093899358499e-11, -2.1435096141444217e-10, -1.5687973460146337e-15, 9.444966220301336e-16, 1.777363984034146e-05, -1.415078043563328e-06, -9.265743990830413e-09, 5.971117565787893e-10]

[0.0, -8.549255578819536e-13, -2.400059419959372e-13, 6.749918787159155e-11, -2.854417688247188e-10, -1.364238177939603e-15, 8.360953222541126e-16, 1.9284090595829714e-05, -1.5786514127073413e-06, -9.203156418348964e-09, 6.453469579731745e-10]

[0.0, -1.1128617730975353e-12, -2.128906336362215e-13, 5.591058465121298e-11, -2.1421356431337602e-10, -1.2512162002535645e-15, 7.582740157214105e-16, 1.9875913936749392e-05, -1.5756166322666705e-06, -8.776022528457808e-09, 6.256145075077057e-10]

[0.0, -9.013408798368563e-13, -1.756464153100288e-13, 5.6538700578845624e-11, -2.7830583168717034e-10, -1.2431481252940728e-15, 7.78921468505495e-16, 2.071468272723197e-05, -1.4481125019826447e-06, -1.0186784545118515e-08, 5.895715825276419e-10]

--------------------GENERATION ENDED-------------


Genetation iteration  3
--- Initial Population ----
[0.0, -1.036357457181382e-12, -1.7913507945312722e-13, 6.409097415395575e-11, -2.105187000458878e-10, -1.5975157503131953e-15, 8.663780266303118e-16, 1.6913906623096935e-05, -1.5013655244800091e-06, -7.543116674522322e-09, 6.273648371313701e-10]

[0.0, -8.883129094953357e-13, -2.112107059936564e-13, 6.183214027695576e-11, -2.4044414172813223e-10, -1.45267994702021e-15, 8.910657892858123e-16, 1.733535894856243e-05, -1.3664120212617536e-06, -8.742725157011494e-09, 6.48262670700844e-10]

[0.0, -9.950448968230303e-13, -1.834614651358366e-13, 6.020596650732798e-11, -2.5219948284737056e-10, -1.3985287769679777e-15, 9.144656104841816e-16, 2.009065313320771e-05, -1.7096420558003586e-06, -8.254955109811273e-09, 6.484657016463218e-10]

[0.0, -9.985157581841416e-13, -2.449189844286569e-13, 5.996128694615497e-11, -2.0940336115797836e-10, -1.4937987281730186e-15, 9.914534255852196e-16, 2.338947804567236e-05, -1.6156683144066214e-06, -8.681409470560634e-09, 6.063318911342657e-10]

[0.0, -1.0470729836401943e-12, -1.5825672331532317e-13, 7.049282287511293e-11, -2.332286651521627e-10, -1.5520024481577738e-15, 8.621076894788603e-16, 1.8824551331655004e-05, -1.5725334730904743e-06, -8.715500601406794e-09, 6.033397012939177e-10]

[0.0, -1.0916010999645921e-12, -2.2472454984782527e-13, 7.19047693835829e-11, -2.3593792521815113e-10, -1.197426135209974e-15, 8.911625289703957e-16, 2.0052806286568758e-05, -1.8364638954397076e-06, -9.134747388485883e-09, 6.920865011897669e-10]

[0.0, -8.832995237942733e-13, -1.8414760743222937e-13, 7.062503428289469e-11, -2.1435096141444217e-10, -1.5370720840476005e-15, 8.627196022315278e-16, 1.7461612968344256e-05, -1.4004846493993962e-06, -8.713613332032414e-09, 5.897521695229708e-10]

[0.0, -7.70733257130475e-13, -2.501970733234979e-13, 6.101353961438116e-11, -2.719315577456861e-10, -1.4993437118222753e-15, 8.48622199434653e-16, 1.9284090595829714e-05, -1.4853262218545679e-06, -9.739763241096815e-09, 6.77868403968592e-10]

[0.0, -1.1128617730975353e-12, -2.20472309579563e-13, 5.221173744882326e-11, -2.0122604812692392e-10, -1.3681092095857567e-15, 7.580239925885589e-16, 1.97338695743971e-05, -1.5685283727401127e-06, -8.105583012791747e-09, 6.256145075077057e-10]

[0.0, -9.013408798368563e-13, -1.806104614820026e-13, 6.084747835666118e-11, -2.7902808403138817e-10, -1.2431481252940728e-15, 7.150002128311412e-16, 2.0433593385315838e-05, -1.4272703879702088e-06, -9.241519920001014e-09, 6.117163695364573e-10]

----------------------------
Train and Validation error 
181631500186.8352 129073029775.62155
1172051376459.0684 3724313876032.2275
1930144203942.5605 1979619283756.004
1300761558368.8862 885724456180.1332
2552824621113.386 2885251647545.8896
3470249804024.404 4659691058185.62
402364558680.86786 196778371220.9792
325408019217.8512 1414085750229.2212
411099097091.5251 149511477092.68988
138858338974.51447 572406003257.3015
After Selection (Parents Selected) 
[0.0, -1.1128617730975353e-12, -2.20472309579563e-13, 5.221173744882326e-11, -2.0122604812692392e-10, -1.3681092095857567e-15, 7.580239925885589e-16, 1.97338695743971e-05, -1.5685283727401127e-06, -8.105583012791747e-09, 6.256145075077057e-10]
[0.0, -1.036357457181382e-12, -1.7913507945312722e-13, 6.409097415395575e-11, -2.105187000458878e-10, -1.5975157503131953e-15, 8.663780266303118e-16, 1.6913906623096935e-05, -1.5013655244800091e-06, -7.543116674522322e-09, 6.273648371313701e-10]
----------------------------
---After Crossover----
0 [0.0, -1.1128617730975353e-12, -2.20472309579563e-13, 5.221173744882326e-11, -2.0122604812692392e-10, -1.5975157503131953e-15, 8.663780266303118e-16, 1.6913906623096935e-05, -1.5013655244800091e-06, -7.543116674522322e-09, 6.273648371313701e-10]
1 [0.0, -1.036357457181382e-12, -1.7913507945312722e-13, 6.409097415395575e-11, -2.105187000458878e-10, -1.3681092095857567e-15, 7.580239925885589e-16, 1.97338695743971e-05, -1.5685283727401127e-06, -8.105583012791747e-09, 6.256145075077057e-10]
2 [0.0, -1.1128617730975353e-12, -2.20472309579563e-13, 5.221173744882326e-11, -2.0122604812692392e-10, -1.5975157503131953e-15, 8.663780266303118e-16, 1.6913906623096935e-05, -1.5013655244800091e-06, -7.543116674522322e-09, 6.273648371313701e-10]
3 [0.0, -1.036357457181382e-12, -1.7913507945312722e-13, 6.409097415395575e-11, -2.105187000458878e-10, -1.3681092095857567e-15, 7.580239925885589e-16, 1.97338695743971e-05, -1.5685283727401127e-06, -8.105583012791747e-09, 6.256145075077057e-10]
4 [0.0, -1.1128617730975353e-12, -2.20472309579563e-13, 5.221173744882326e-11, -2.0122604812692392e-10, -1.5975157503131953e-15, 8.663780266303118e-16, 1.6913906623096935e-05, -1.5013655244800091e-06, -7.543116674522322e-09, 6.273648371313701e-10]
5 [0.0, -1.036357457181382e-12, -1.7913507945312722e-13, 6.409097415395575e-11, -2.105187000458878e-10, -1.3681092095857567e-15, 7.580239925885589e-16, 1.97338695743971e-05, -1.5685283727401127e-06, -8.105583012791747e-09, 6.256145075077057e-10]
6 [0.0, -1.1128617730975353e-12, -2.20472309579563e-13, 5.221173744882326e-11, -2.0122604812692392e-10, -1.5975157503131953e-15, 8.663780266303118e-16, 1.6913906623096935e-05, -1.5013655244800091e-06, -7.543116674522322e-09, 6.273648371313701e-10]
7 [0.0, -1.036357457181382e-12, -1.7913507945312722e-13, 6.409097415395575e-11, -2.105187000458878e-10, -1.3681092095857567e-15, 7.580239925885589e-16, 1.97338695743971e-05, -1.5685283727401127e-06, -8.105583012791747e-09, 6.256145075077057e-10]
8 [0.0, -1.1128617730975353e-12, -2.20472309579563e-13, 5.221173744882326e-11, -2.0122604812692392e-10, -1.5975157503131953e-15, 8.663780266303118e-16, 1.6913906623096935e-05, -1.5013655244800091e-06, -7.543116674522322e-09, 6.273648371313701e-10]
9 [0.0, -1.036357457181382e-12, -1.7913507945312722e-13, 6.409097415395575e-11, -2.105187000458878e-10, -1.3681092095857567e-15, 7.580239925885589e-16, 1.97338695743971e-05, -1.5685283727401127e-06, -8.105583012791747e-09, 6.256145075077057e-10]
----------------------------
----After Mutation--- 
0 [0.0, -1.0141043108723446e-12, -2.20472309579563e-13, 5.117222056017275e-11, -1.8446488299423293e-10, -1.6324262031508506e-15, 8.383869300537956e-16, 1.6353869148191136e-05, -1.5013655244800091e-06, -7.297700662628122e-09, 5.803232556963051e-10]
1 [0.0, -1.0756671855879914e-12, -1.7913507945312722e-13, 6.543972343228024e-11, -2.2086397065360493e-10, -1.5000906766460647e-15, 7.127618188347719e-16, 1.9492957121520605e-05, -1.4708196333391665e-06, -7.408263872278011e-09, 6.256145075077057e-10]
2 [0.0, -1.0050082699791403e-12, -2.388773359273466e-13, 4.995095406124828e-11, -1.847594851942025e-10, -1.5975157503131953e-15, 7.980507856741656e-16, 1.7574841436885962e-05, -1.6273253324526327e-06, -8.119225984099214e-09, 6.393459023727591e-10]
3 [0.0, -1.036357457181382e-12, -1.612269234597423e-13, 5.905253220010954e-11, -2.105187000458878e-10, -1.2402657437323233e-15, 7.846675481626327e-16, 1.97338695743971e-05, -1.594166816250881e-06, -8.185058025927909e-09, 6.256145075077057e-10]
4 [0.0, -1.1960309298285257e-12, -2.0209966534107435e-13, 5.697692911904115e-11, -2.0502882939125176e-10, -1.565224286700647e-15, 8.682098079925258e-16, 1.7552565616918795e-05, -1.601064334918391e-06, -7.543116674522322e-09, 6.384675051677834e-10]
5 [0.0, -1.036357457181382e-12, -1.9310446655893544e-13, 6.53711315170127e-11, -2.228172126768939e-10, -1.4859431945662897e-15, 7.319724846208617e-16, 1.8830231449126125e-05, -1.6821998765965062e-06, -8.105583012791747e-09, 5.63854105241948e-10]
6 [0.0, -1.1128617730975353e-12, -2.4061092835995933e-13, 4.952711478479584e-11, -2.1495966764141117e-10, -1.5084826442673002e-15, 8.663780266303118e-16, 1.6579663891033746e-05, -1.5013655244800091e-06, -7.052147318199485e-09, 6.692142679604624e-10]
7 [0.0, -9.358583029076738e-13, -1.7913507945312722e-13, 5.923506410957505e-11, -2.0424160241844616e-10, -1.241184782972926e-15, 7.466554058183298e-16, 1.8146938013825165e-05, -1.4646984741894289e-06, -8.155483141477315e-09, 6.124842182124822e-10]
8 [0.0, -1.0756960505126542e-12, -2.1959129793252902e-13, 5.261141857720776e-11, -1.949052718750531e-10, -1.5975157503131953e-15, 9.512149432756183e-16, 1.613539754073085e-05, -1.5516319840259311e-06, -8.283684368753651e-09, 6.836788453381801e-10]
9 [0.0, -1.036357457181382e-12, -1.7635235622492144e-13, 5.912881329552295e-11, -2.1199312555076792e-10, -1.3456872243501872e-15, 7.918139203578493e-16, 1.948763678434927e-05, -1.4189884709296654e-06, -8.48989472817894e-09, 6.256145075077057e-10]
----------------------------
Train and Validation error 
1779274748540.561 1747106449997.7556
472477398028.9093 1740714111924.5322
1752048457864.7358 1773130194029.5156
644665458432.7212 376258686211.28033
760927724577.097 488798384684.9868
9728013318652.438 14535654687383.094
765318605557.8065 2676165968184.5454
97139340268.47171 165582470447.5454
65616237348.85248 326911529276.1662
521486543097.8716 1932851202204.1113

-------------------NEW GENERATION-------------
[0.0, -9.358583029076738e-13, -1.7913507945312722e-13, 5.923506410957505e-11, -2.0424160241844616e-10, -1.241184782972926e-15, 7.466554058183298e-16, 1.8146938013825165e-05, -1.4646984741894289e-06, -8.155483141477315e-09, 6.124842182124822e-10]

[0.0, -1.036357457181382e-12, -1.7913507945312722e-13, 6.409097415395575e-11, -2.105187000458878e-10, -1.5975157503131953e-15, 8.663780266303118e-16, 1.6913906623096935e-05, -1.5013655244800091e-06, -7.543116674522322e-09, 6.273648371313701e-10]

[0.0, -1.0756960505126542e-12, -2.1959129793252902e-13, 5.261141857720776e-11, -1.949052718750531e-10, -1.5975157503131953e-15, 9.512149432756183e-16, 1.613539754073085e-05, -1.5516319840259311e-06, -8.283684368753651e-09, 6.836788453381801e-10]

[0.0, -1.1128617730975353e-12, -2.20472309579563e-13, 5.221173744882326e-11, -2.0122604812692392e-10, -1.3681092095857567e-15, 7.580239925885589e-16, 1.97338695743971e-05, -1.5685283727401127e-06, -8.105583012791747e-09, 6.256145075077057e-10]

[0.0, -8.832995237942733e-13, -1.8414760743222937e-13, 7.062503428289469e-11, -2.1435096141444217e-10, -1.5370720840476005e-15, 8.627196022315278e-16, 1.7461612968344256e-05, -1.4004846493993962e-06, -8.713613332032414e-09, 5.897521695229708e-10]

[0.0, -1.036357457181382e-12, -1.612269234597423e-13, 5.905253220010954e-11, -2.105187000458878e-10, -1.2402657437323233e-15, 7.846675481626327e-16, 1.97338695743971e-05, -1.594166816250881e-06, -8.185058025927909e-09, 6.256145075077057e-10]

[0.0, -1.1960309298285257e-12, -2.0209966534107435e-13, 5.697692911904115e-11, -2.0502882939125176e-10, -1.565224286700647e-15, 8.682098079925258e-16, 1.7552565616918795e-05, -1.601064334918391e-06, -7.543116674522322e-09, 6.384675051677834e-10]

[0.0, -9.013408798368563e-13, -1.806104614820026e-13, 6.084747835666118e-11, -2.7902808403138817e-10, -1.2431481252940728e-15, 7.150002128311412e-16, 2.0433593385315838e-05, -1.4272703879702088e-06, -9.241519920001014e-09, 6.117163695364573e-10]

[0.0, -1.0756671855879914e-12, -1.7913507945312722e-13, 6.543972343228024e-11, -2.2086397065360493e-10, -1.5000906766460647e-15, 7.127618188347719e-16, 1.9492957121520605e-05, -1.4708196333391665e-06, -7.408263872278011e-09, 6.256145075077057e-10]

[0.0, -1.036357457181382e-12, -1.7635235622492144e-13, 5.912881329552295e-11, -2.1199312555076792e-10, -1.3456872243501872e-15, 7.918139203578493e-16, 1.948763678434927e-05, -1.4189884709296654e-06, -8.48989472817894e-09, 6.256145075077057e-10]

--------------------GENERATION ENDED-------------


Genetation iteration  4
--- Initial Population ----
[0.0, -9.904089061009756e-13, -1.6865546054420118e-13, 5.767922165089666e-11, -2.013998275935795e-10, -1.1766899095260281e-15, 7.466554058183298e-16, 1.8146938013825165e-05, -1.5295615585049359e-06, -8.155483141477315e-09, 6.124842182124822e-10]

[0.0, -9.709793758741978e-13, -1.7237216929425654e-13, 6.050833207565581e-11, -2.092612699860736e-10, -1.4726366477937631e-15, 8.663780266303118e-16, 1.7471081600040902e-05, -1.4373380999140502e-06, -7.543116674522322e-09, 6.211483441233499e-10]

[0.0, -9.99470744866197e-13, -2.3305599677747547e-13, 5.371432468847902e-11, -1.8107518705907272e-10, -1.5975157503131953e-15, 9.912171973675953e-16, 1.7283532033121918e-05, -1.6892226124599803e-06, -8.24677017093888e-09, 6.836788453381801e-10]

[0.0, -1.1128617730975353e-12, -2.0121351473934035e-13, 5.221173744882326e-11, -2.0122604812692392e-10, -1.3109960571929248e-15, 7.158052843775171e-16, 1.97338695743971e-05, -1.497522075740817e-06, -7.535468160125161e-09, 6.256145075077057e-10]

[0.0, -8.8696564737567e-13, -1.9574182361202743e-13, 6.891494133117176e-11, -2.0516980552779082e-10, -1.5640425418456154e-15, 8.627196022315278e-16, 1.8550757368526784e-05, -1.331924384603526e-06, -8.551889777338344e-09, 5.740029635205814e-10]

[0.0, -1.0183810566731852e-12, -1.7589709268013914e-13, 6.065541880116413e-11, -2.036473315071243e-10, -1.2341228336352104e-15, 8.062968625199002e-16, 1.8783844373548033e-05, -1.6493009681065296e-06, -8.166495382065539e-09, 6.256145075077057e-10]

[0.0, -1.1790154503676537e-12, -1.8692829429041858e-13, 5.852276552059134e-11, -2.0502882939125176e-10, -1.4094039108818645e-15, 8.682098079925258e-16, 1.9219086705917037e-05, -1.7408823645022767e-06, -7.4152205557657795e-09, 6.925258662720787e-10]

[0.0, -8.473236456858419e-13, -1.9826592824950398e-13, 6.084747835666118e-11, -2.7902808403138817e-10, -1.2101178323637314e-15, 7.010366235401e-16, 2.0433593385315838e-05, -1.511087371174611e-06, -8.774600023321594e-09, 6.164884908950302e-10]

[0.0, -1.1392925025360038e-12, -1.7913507945312722e-13, 6.543972343228024e-11, -2.210827929552061e-10, -1.630128802385577e-15, 6.775769693382437e-16, 1.851915294617271e-05, -1.501646338017636e-06, -7.408263872278011e-09, 5.84177521278312e-10]

[0.0, -1.0152338807361768e-12, -1.8992084519556541e-13, 5.628776015891883e-11, -2.1199312555076792e-10, -1.3456872243501872e-15, 8.123654958728524e-16, 2.0629932731963814e-05, -1.4189884709296654e-06, -9.303557654827736e-09, 6.343475350630707e-10]

----------------------------
Train and Validation error 
507961650702.34894 302437096431.38654
231945813165.4764 1041459188095.7959
1101934591964.3079 960839978312.0781
314178859301.33704 1134787270442.1675
162993544448.97443 477657056178.8673
2009998019283.9016 2276568829180.208
406041953905.5142 118561304512.90923
191266321363.79248 83385290258.6632
910549199998.9802 580952609905.7516
580399388987.789 2109296607126.8672
After Selection (Parents Selected) 
[0.0, -1.1790154503676537e-12, -1.8692829429041858e-13, 5.852276552059134e-11, -2.0502882939125176e-10, -1.4094039108818645e-15, 8.682098079925258e-16, 1.9219086705917037e-05, -1.7408823645022767e-06, -7.4152205557657795e-09, 6.925258662720787e-10]
[0.0, -8.473236456858419e-13, -1.9826592824950398e-13, 6.084747835666118e-11, -2.7902808403138817e-10, -1.2101178323637314e-15, 7.010366235401e-16, 2.0433593385315838e-05, -1.511087371174611e-06, -8.774600023321594e-09, 6.164884908950302e-10]
----------------------------
---After Crossover----
0 [0.0, -1.1790154503676537e-12, -1.8692829429041858e-13, 5.852276552059134e-11, -2.0502882939125176e-10, -1.2101178323637314e-15, 7.010366235401e-16, 2.0433593385315838e-05, -1.511087371174611e-06, -8.774600023321594e-09, 6.164884908950302e-10]
1 [0.0, -8.473236456858419e-13, -1.9826592824950398e-13, 6.084747835666118e-11, -2.7902808403138817e-10, -1.4094039108818645e-15, 8.682098079925258e-16, 1.9219086705917037e-05, -1.7408823645022767e-06, -7.4152205557657795e-09, 6.925258662720787e-10]
2 [0.0, -1.1790154503676537e-12, -1.8692829429041858e-13, 5.852276552059134e-11, -2.0502882939125176e-10, -1.2101178323637314e-15, 7.010366235401e-16, 2.0433593385315838e-05, -1.511087371174611e-06, -8.774600023321594e-09, 6.164884908950302e-10]
3 [0.0, -8.473236456858419e-13, -1.9826592824950398e-13, 6.084747835666118e-11, -2.7902808403138817e-10, -1.4094039108818645e-15, 8.682098079925258e-16, 1.9219086705917037e-05, -1.7408823645022767e-06, -7.4152205557657795e-09, 6.925258662720787e-10]
4 [0.0, -1.1790154503676537e-12, -1.8692829429041858e-13, 5.852276552059134e-11, -2.0502882939125176e-10, -1.2101178323637314e-15, 7.010366235401e-16, 2.0433593385315838e-05, -1.511087371174611e-06, -8.774600023321594e-09, 6.164884908950302e-10]
5 [0.0, -8.473236456858419e-13, -1.9826592824950398e-13, 6.084747835666118e-11, -2.7902808403138817e-10, -1.4094039108818645e-15, 8.682098079925258e-16, 1.9219086705917037e-05, -1.7408823645022767e-06, -7.4152205557657795e-09, 6.925258662720787e-10]
6 [0.0, -1.1790154503676537e-12, -1.8692829429041858e-13, 5.852276552059134e-11, -2.0502882939125176e-10, -1.2101178323637314e-15, 7.010366235401e-16, 2.0433593385315838e-05, -1.511087371174611e-06, -8.774600023321594e-09, 6.164884908950302e-10]
7 [0.0, -8.473236456858419e-13, -1.9826592824950398e-13, 6.084747835666118e-11, -2.7902808403138817e-10, -1.4094039108818645e-15, 8.682098079925258e-16, 1.9219086705917037e-05, -1.7408823645022767e-06, -7.4152205557657795e-09, 6.925258662720787e-10]
8 [0.0, -1.1790154503676537e-12, -1.8692829429041858e-13, 5.852276552059134e-11, -2.0502882939125176e-10, -1.2101178323637314e-15, 7.010366235401e-16, 2.0433593385315838e-05, -1.511087371174611e-06, -8.774600023321594e-09, 6.164884908950302e-10]
9 [0.0, -8.473236456858419e-13, -1.9826592824950398e-13, 6.084747835666118e-11, -2.7902808403138817e-10, -1.4094039108818645e-15, 8.682098079925258e-16, 1.9219086705917037e-05, -1.7408823645022767e-06, -7.4152205557657795e-09, 6.925258662720787e-10]
----------------------------
----After Mutation--- 
0 [0.0, -1.2784942251823977e-12, -1.847087577781652e-13, 5.663306970803284e-11, -2.0074079732447544e-10, -1.2715876223524862e-15, 6.874442322840768e-16, 2.076650877116087e-05, -1.4204947580379293e-06, -8.774600023321594e-09, 5.739094064558858e-10]
1 [0.0, -9.030202014885285e-13, -1.850873183331301e-13, 5.659185211677931e-11, -3.0316028973797045e-10, -1.457376827671739e-15, 8.60607563663501e-16, 1.995217611023799e-05, -1.7408823645022767e-06, -7.4152205557657795e-09, 6.925258662720787e-10]
2 [0.0, -1.1790154503676537e-12, -1.9287648056827834e-13, 6.416791967076925e-11, -2.072098195312008e-10, -1.2101178323637314e-15, 6.912334187696963e-16, 2.0433593385315838e-05, -1.3974276649534986e-06, -8.195557667249002e-09, 5.761329347852293e-10]
3 [0.0, -8.473236456858419e-13, -1.9826592824950398e-13, 5.568237424927016e-11, -2.769814677761037e-10, -1.2842052249130658e-15, 8.452574258303092e-16, 1.880887080637011e-05, -1.7974511072286944e-06, -7.257854862622927e-09, 7.130540681416409e-10]
4 [0.0, -1.0960758646895894e-12, -1.6892167403836943e-13, 6.088399971777321e-11, -2.0502882939125176e-10, -1.169860417323915e-15, 6.800378880020996e-16, 2.21777223031026e-05, -1.511087371174611e-06, -7.99485585222239e-09, 6.130919592740208e-10]
5 [0.0, -8.382090833644398e-13, -1.9826592824950398e-13, 6.259464252657264e-11, -2.7902808403138817e-10, -1.4094039108818645e-15, 8.61055713982179e-16, 1.8776656135857538e-05, -1.7408823645022767e-06, -8.024175347705492e-09, 6.312394449633282e-10]
6 [0.0, -1.1959074301426443e-12, -1.8527836925460545e-13, 5.4156866458291415e-11, -2.2161272676711312e-10, -1.1061366522411928e-15, 6.996746287369697e-16, 2.179322765813553e-05, -1.3617516699904434e-06, -8.774600023321594e-09, 6.164884908950302e-10]
7 [0.0, -8.485811091887923e-13, -2.1677112945082352e-13, 5.771198964750147e-11, -3.01497582023488e-10, -1.4709474131956097e-15, 8.070080866643066e-16, 1.8268004856164267e-05, -1.7867468489917418e-06, -7.807369397804364e-09, 6.925258662720787e-10]
8 [0.0, -1.2786392248447023e-12, -1.7116159109323185e-13, 6.185506004977131e-11, -1.9514016543456287e-10, -1.2101178323637314e-15, 7.496245238035527e-16, 2.048659777611456e-05, -1.5491655382637685e-06, -8.774600023321594e-09, 6.158297276414402e-10]
9 [0.0, -9.029393043571281e-13, -1.9781613667394086e-13, 6.084747835666118e-11, -2.7902808403138817e-10, -1.296966200280618e-15, 9.138872948843818e-16, 1.8558151079713885e-05, -1.5835439923005907e-06, -7.81012831081244e-09, 6.925258662720787e-10]
----------------------------
Train and Validation error 
253715482870.81256 127194770052.30132
348459467298.24866 78800143201.56642
171778855133.21857 574888287586.4596
427125410336.7895 150199122390.40753
328055217452.31494 941983365271.8967
4653168338723.962 6281223559331.21
2071552821564.8328 5726773561349.78
1742121139702.9045 1803733803563.3813
505846105625.72284 247881046535.6421
618778619387.1703 2098744338832.2095

-------------------NEW GENERATION-------------
[0.0, -9.030202014885285e-13, -1.850873183331301e-13, 5.659185211677931e-11, -3.0316028973797045e-10, -1.457376827671739e-15, 8.60607563663501e-16, 1.995217611023799e-05, -1.7408823645022767e-06, -7.4152205557657795e-09, 6.925258662720787e-10]

[0.0, -1.2784942251823977e-12, -1.847087577781652e-13, 5.663306970803284e-11, -2.0074079732447544e-10, -1.2715876223524862e-15, 6.874442322840768e-16, 2.076650877116087e-05, -1.4204947580379293e-06, -8.774600023321594e-09, 5.739094064558858e-10]

[0.0, -8.473236456858419e-13, -1.9826592824950398e-13, 6.084747835666118e-11, -2.7902808403138817e-10, -1.2101178323637314e-15, 7.010366235401e-16, 2.0433593385315838e-05, -1.511087371174611e-06, -8.774600023321594e-09, 6.164884908950302e-10]

[0.0, -8.473236456858419e-13, -1.9826592824950398e-13, 5.568237424927016e-11, -2.769814677761037e-10, -1.2842052249130658e-15, 8.452574258303092e-16, 1.880887080637011e-05, -1.7974511072286944e-06, -7.257854862622927e-09, 7.130540681416409e-10]

[0.0, -1.2786392248447023e-12, -1.7116159109323185e-13, 6.185506004977131e-11, -1.9514016543456287e-10, -1.2101178323637314e-15, 7.496245238035527e-16, 2.048659777611456e-05, -1.5491655382637685e-06, -8.774600023321594e-09, 6.158297276414402e-10]

[0.0, -1.1790154503676537e-12, -1.8692829429041858e-13, 5.852276552059134e-11, -2.0502882939125176e-10, -1.4094039108818645e-15, 8.682098079925258e-16, 1.9219086705917037e-05, -1.7408823645022767e-06, -7.4152205557657795e-09, 6.925258662720787e-10]

[0.0, -1.1790154503676537e-12, -1.9287648056827834e-13, 6.416791967076925e-11, -2.072098195312008e-10, -1.2101178323637314e-15, 6.912334187696963e-16, 2.0433593385315838e-05, -1.3974276649534986e-06, -8.195557667249002e-09, 5.761329347852293e-10]

[0.0, -9.904089061009756e-13, -1.6865546054420118e-13, 5.767922165089666e-11, -2.013998275935795e-10, -1.1766899095260281e-15, 7.466554058183298e-16, 1.8146938013825165e-05, -1.5295615585049359e-06, -8.155483141477315e-09, 6.124842182124822e-10]

[0.0, -8.8696564737567e-13, -1.9574182361202743e-13, 6.891494133117176e-11, -2.0516980552779082e-10, -1.5640425418456154e-15, 8.627196022315278e-16, 1.8550757368526784e-05, -1.331924384603526e-06, -8.551889777338344e-09, 5.740029635205814e-10]

[0.0, -1.0960758646895894e-12, -1.6892167403836943e-13, 6.088399971777321e-11, -2.0502882939125176e-10, -1.169860417323915e-15, 6.800378880020996e-16, 2.21777223031026e-05, -1.511087371174611e-06, -7.99485585222239e-09, 6.130919592740208e-10]

--------------------GENERATION ENDED-------------


Train and Validation error 
348459467298.24866 78800143201.56642
253715482870.81256 127194770052.30132
191266321363.79248 83385290258.6632
427125410336.7895 150199122390.40753
505846105625.72284 247881046535.6421
406041953905.5142 118561304512.90923
171778855133.21857 574888287586.4596
507961650702.34894 302437096431.38654
162993544448.97443 477657056178.8673
328055217452.31494 941983365271.8967
-------------------NEW GENERATION-------------

[0.0, -9.030202014885285e-13, -1.850873183331301e-13, 5.659185211677931e-11, -3.0316028973797045e-10, -1.457376827671739e-15, 8.60607563663501e-16, 1.995217611023799e-05, -1.7408823645022767e-06, -7.4152205557657795e-09, 6.925258662720787e-10]

[0.0, -1.2784942251823977e-12, -1.847087577781652e-13, 5.663306970803284e-11, -2.0074079732447544e-10, -1.2715876223524862e-15, 6.874442322840768e-16, 2.076650877116087e-05, -1.4204947580379293e-06, -8.774600023321594e-09, 5.739094064558858e-10]

[0.0, -8.473236456858419e-13, -1.9826592824950398e-13, 6.084747835666118e-11, -2.7902808403138817e-10, -1.2101178323637314e-15, 7.010366235401e-16, 2.0433593385315838e-05, -1.511087371174611e-06, -8.774600023321594e-09, 6.164884908950302e-10]

[0.0, -8.473236456858419e-13, -1.9826592824950398e-13, 5.568237424927016e-11, -2.769814677761037e-10, -1.2842052249130658e-15, 8.452574258303092e-16, 1.880887080637011e-05, -1.7974511072286944e-06, -7.257854862622927e-09, 7.130540681416409e-10]

[0.0, -1.2786392248447023e-12, -1.7116159109323185e-13, 6.185506004977131e-11, -1.9514016543456287e-10, -1.2101178323637314e-15, 7.496245238035527e-16, 2.048659777611456e-05, -1.5491655382637685e-06, -8.774600023321594e-09, 6.158297276414402e-10]

[0.0, -1.1790154503676537e-12, -1.8692829429041858e-13, 5.852276552059134e-11, -2.0502882939125176e-10, -1.4094039108818645e-15, 8.682098079925258e-16, 1.9219086705917037e-05, -1.7408823645022767e-06, -7.4152205557657795e-09, 6.925258662720787e-10]

[0.0, -1.1790154503676537e-12, -1.9287648056827834e-13, 6.416791967076925e-11, -2.072098195312008e-10, -1.2101178323637314e-15, 6.912334187696963e-16, 2.0433593385315838e-05, -1.3974276649534986e-06, -8.195557667249002e-09, 5.761329347852293e-10]

[0.0, -9.904089061009756e-13, -1.6865546054420118e-13, 5.767922165089666e-11, -2.013998275935795e-10, -1.1766899095260281e-15, 7.466554058183298e-16, 1.8146938013825165e-05, -1.5295615585049359e-06, -8.155483141477315e-09, 6.124842182124822e-10]

[0.0, -8.8696564737567e-13, -1.9574182361202743e-13, 6.891494133117176e-11, -2.0516980552779082e-10, -1.5640425418456154e-15, 8.627196022315278e-16, 1.8550757368526784e-05, -1.331924384603526e-06, -8.551889777338344e-09, 5.740029635205814e-10]

[0.0, -1.0960758646895894e-12, -1.6892167403836943e-13, 6.088399971777321e-11, -2.0502882939125176e-10, -1.169860417323915e-15, 6.800378880020996e-16, 2.21777223031026e-05, -1.511087371174611e-06, -7.99485585222239e-09, 6.130919592740208e-10]

--------------------GENERATION ENDED-------------

Final Vector submitted
[0.0, -1.0960758646895894e-12, -1.6892167403836943e-13, 6.088399971777321e-11, -2.0502882939125176e-10, -1.169860417323915e-15, 6.800378880020996e-16, 2.21777223031026e-05, -1.511087371174611e-06, -7.99485585222239e-09, 6.130919592740208e-10]
