Genetation iteration  0
--- Initial Population ----
[0.0, -9.732694905559712e-13, -2.433099870247728e-13, 7.44239904657689e-11, -2.38111892677852e-10, -1.7356215125009138e-15, 7.642247983264383e-16, 1.719400144199331e-05, -1.17632120166842e-06, -8.15817784914186e-09, 5.170572445897212e-10]

[0.0, -9.099815637818848e-13, -2.2928750879751944e-13, 6.336135731561966e-11, -2.565516875920208e-10, -1.7131791805441272e-15, 7.821623557415286e-16, 2.0794743934361855e-05, -1.388048419782002e-06, -7.38002100167254e-09, 4.3064783541745286e-10]

[0.0, -1.0615272885204017e-12, -2.2770391196668996e-13, 7.390072724508237e-11, -2.479801776503216e-10, -1.6127010016723867e-15, 9.043131088664289e-16, 2.1088095377495258e-05, -1.2697818806537515e-06, -7.106805147085507e-09, 4.997394526854008e-10]

[0.0, -1.1927853140769192e-12, -2.5465430446412896e-13, 7.800734607041806e-11, -2.4489101564624043e-10, -1.5854279213894753e-15, 8.231595096802434e-16, 2.1129116889586884e-05, -1.3256518068415697e-06, -6.331968487482404e-09, 4.757910210108007e-10]

[0.0, -1.0004767118971519e-12, -2.521922583616605e-13, 7.705333605650189e-11, -2.361782935623884e-10, -1.460895824811186e-15, 6.735951706895128e-16, 1.703994351626043e-05, -1.1912371624738502e-06, -7.1914284489834055e-09, 4.357289241723281e-10]

[0.0, -1.107763347442163e-12, -2.1886919668421592e-13, 6.043471842788368e-11, -2.492643352805194e-10, -1.7037075339603581e-15, 8.540258255942862e-16, 2.0818089928027332e-05, -1.2319592966146276e-06, -7.216960899638938e-09, 4.672552376309201e-10]

[0.0, -1.0870551922971724e-12, -2.394045538193835e-13, 6.450020775422209e-11, -2.401243161412348e-10, -1.5611255636049675e-15, 8.26154314318613e-16, 1.9830105039245014e-05, -1.3371140254424784e-06, -7.361799297237181e-09, 4.6363862896322134e-10]

[0.0, -9.51249828322708e-13, -2.1937011913304748e-13, 6.556455297202372e-11, -2.148493916195025e-10, -1.8285755265010077e-15, 8.178345546700106e-16, 1.7046378798499416e-05, -1.2943056733225247e-06, -6.4269406524472465e-09, 5.160341924531136e-10]

[0.0, -1.0327678610389264e-12, -2.2832258724050774e-13, 6.533054139750618e-11, -2.3979136808754546e-10, -1.4409175207913257e-15, 8.579197146851295e-16, 1.8992112359495576e-05, -1.1818079000152647e-06, -7.848818245884451e-09, 4.449012685497156e-10]

[0.0, -9.961773173439783e-13, -2.490431743519291e-13, 7.237999909321844e-11, -2.361782935623884e-10, -1.5619505272410428e-15, 9.109762615172721e-16, 1.875958681339939e-05, -1.4525967162954879e-06, -7.1806546603198464e-09, 4.887637961303568e-10]

----------------------------
Train and Validation error 
267926234090.68585 711901287365.9791
7736247700859.568 10263067718794.871
322721356881.9698 781024663663.9352
735622342754.1091 378141147935.51324
1899238606660.2407 1853175656957.562
548808413657.8473 410159708753.9608
2953337141164.2646 3169709881762.273
400373788210.6189 297349064354.3736
1113001140559.9443 868416967982.3235
5360725841050.738 6929823487234.681
After Selection (Parents Selected) 
[0.0, -1.107763347442163e-12, -2.1886919668421592e-13, 6.043471842788368e-11, -2.492643352805194e-10, -1.7037075339603581e-15, 8.540258255942862e-16, 2.0818089928027332e-05, -1.2319592966146276e-06, -7.216960899638938e-09, 4.672552376309201e-10]
[0.0, -9.51249828322708e-13, -2.1937011913304748e-13, 6.556455297202372e-11, -2.148493916195025e-10, -1.8285755265010077e-15, 8.178345546700106e-16, 1.7046378798499416e-05, -1.2943056733225247e-06, -6.4269406524472465e-09, 5.160341924531136e-10]
----------------------------
---After Crossover----
0 [0.0, -1.107763347442163e-12, -2.1886919668421592e-13, 6.043471842788368e-11, -2.492643352805194e-10, -1.8285755265010077e-15, 8.178345546700106e-16, 1.7046378798499416e-05, -1.2943056733225247e-06, -6.4269406524472465e-09, 5.160341924531136e-10]
1 [0.0, -9.51249828322708e-13, -2.1937011913304748e-13, 6.556455297202372e-11, -2.148493916195025e-10, -1.7037075339603581e-15, 8.540258255942862e-16, 2.0818089928027332e-05, -1.2319592966146276e-06, -7.216960899638938e-09, 4.672552376309201e-10]
2 [0.0, -1.107763347442163e-12, -2.1886919668421592e-13, 6.043471842788368e-11, -2.492643352805194e-10, -1.8285755265010077e-15, 8.178345546700106e-16, 1.7046378798499416e-05, -1.2943056733225247e-06, -6.4269406524472465e-09, 5.160341924531136e-10]
3 [0.0, -9.51249828322708e-13, -2.1937011913304748e-13, 6.556455297202372e-11, -2.148493916195025e-10, -1.7037075339603581e-15, 8.540258255942862e-16, 2.0818089928027332e-05, -1.2319592966146276e-06, -7.216960899638938e-09, 4.672552376309201e-10]
4 [0.0, -1.107763347442163e-12, -2.1886919668421592e-13, 6.043471842788368e-11, -2.492643352805194e-10, -1.8285755265010077e-15, 8.178345546700106e-16, 1.7046378798499416e-05, -1.2943056733225247e-06, -6.4269406524472465e-09, 5.160341924531136e-10]
5 [0.0, -9.51249828322708e-13, -2.1937011913304748e-13, 6.556455297202372e-11, -2.148493916195025e-10, -1.7037075339603581e-15, 8.540258255942862e-16, 2.0818089928027332e-05, -1.2319592966146276e-06, -7.216960899638938e-09, 4.672552376309201e-10]
6 [0.0, -1.107763347442163e-12, -2.1886919668421592e-13, 6.043471842788368e-11, -2.492643352805194e-10, -1.8285755265010077e-15, 8.178345546700106e-16, 1.7046378798499416e-05, -1.2943056733225247e-06, -6.4269406524472465e-09, 5.160341924531136e-10]
7 [0.0, -9.51249828322708e-13, -2.1937011913304748e-13, 6.556455297202372e-11, -2.148493916195025e-10, -1.7037075339603581e-15, 8.540258255942862e-16, 2.0818089928027332e-05, -1.2319592966146276e-06, -7.216960899638938e-09, 4.672552376309201e-10]
8 [0.0, -1.107763347442163e-12, -2.1886919668421592e-13, 6.043471842788368e-11, -2.492643352805194e-10, -1.8285755265010077e-15, 8.178345546700106e-16, 1.7046378798499416e-05, -1.2943056733225247e-06, -6.4269406524472465e-09, 5.160341924531136e-10]
9 [0.0, -9.51249828322708e-13, -2.1937011913304748e-13, 6.556455297202372e-11, -2.148493916195025e-10, -1.7037075339603581e-15, 8.540258255942862e-16, 2.0818089928027332e-05, -1.2319592966146276e-06, -7.216960899638938e-09, 4.672552376309201e-10]
----------------------------
----After Mutation--- 
0 [0.0, -1.2068316043001167e-12, -2.0932717704929245e-13, 6.269544144166661e-11, -2.560685922459143e-10, -1.6606970249895112e-15, 7.628611342718419e-16, 1.5868459931287606e-05, -1.2981044564412897e-06, -6.4269406524472465e-09, 5.016678975122859e-10]
1 [0.0, -1.0274263711489677e-12, -2.3469657584976116e-13, 6.017898131914178e-11, -2.2488561678938967e-10, -1.844091459468797e-15, 9.050638572283382e-16, 2.245961276181212e-05, -1.2319592966146276e-06, -6.609280873273203e-09, 4.826398665593281e-10]
2 [0.0, -1.1566821077153043e-12, -2.0693755708926508e-13, 5.45645593899695e-11, -2.498340964608686e-10, -1.793039085224864e-15, 8.4960016204769e-16, 1.6803354019130558e-05, -1.265564275589346e-06, -6.483837570957341e-09, 5.160341924531136e-10]
3 [0.0, -9.51249828322708e-13, -2.303064473128267e-13, 7.042275053895793e-11, -2.2834567727773695e-10, -1.6905178745604206e-15, 8.642386329924459e-16, 2.156284043736333e-05, -1.2319592966146276e-06, -6.9088446883018225e-09, 4.672552376309201e-10]
4 [0.0, -1.0615192630659495e-12, -2.292200318649275e-13, 5.84010287883279e-11, -2.648713517077143e-10, -1.920379647462693e-15, 8.178345546700106e-16, 1.5965983360742556e-05, -1.4160953134287472e-06, -6.4269406524472465e-09, 5.634810930099501e-10]
5 [0.0, -9.690296183681323e-13, -2.0238591079648208e-13, 6.556455297202372e-11, -2.2119347852596767e-10, -1.678026097782787e-15, 9.270315467249948e-16, 2.0818089928027332e-05, -1.2346047311790824e-06, -7.216960899638938e-09, 4.900626914401681e-10]
6 [0.0, -1.1920367637063478e-12, -2.3567847585119045e-13, 5.691858544271831e-11, -2.7282151963020513e-10, -1.767957341946711e-15, 8.142463433387516e-16, 1.6847287159276297e-05, -1.2329203835049634e-06, -6.4269406524472465e-09, 5.349672738564531e-10]
7 [0.0, -9.898029421154052e-13, -2.169291937778436e-13, 6.605912600085652e-11, -2.3633224836415526e-10, -1.7037075339603581e-15, 8.672705620202694e-16, 2.0818089928027332e-05, -1.238038235884575e-06, -6.9873745618509755e-09, 5.043891618537043e-10]
8 [0.0, -1.079549494454544e-12, -2.233506336862302e-13, 5.535586844290109e-11, -2.7330733215860707e-10, -1.8243676797090627e-15, 7.518967083499708e-16, 1.862515932072238e-05, -1.3326199014152736e-06, -6.246878600893501e-09, 4.830846464375479e-10]
9 [0.0, -8.834018282809105e-13, -2.3158303684515356e-13, 6.361341452958856e-11, -1.9591064722899897e-10, -1.871050074472287e-15, 8.540258255942862e-16, 2.0818089928027332e-05, -1.2319592966146276e-06, -7.79926851009512e-09, 4.5245509690457625e-10]
----------------------------
Train and Validation error 
918171003607.6881 616808374382.2572
607659853510.492 1894264421661.5945
275560812562.7267 415082731000.10767
416967278674.3917 584591724608.4214
723898041326.2932 392930381680.6632
332309168706.23627 808434421561.3817
567596528070.2906 2188373975595.702
489404104314.6002 1713171140735.5034
1450191415604.1187 1059015872633.1549
1601089435315.7258 1241789764948.64

-------------------NEW GENERATION-------------
[0.0, -9.51249828322708e-13, -2.1937011913304748e-13, 6.556455297202372e-11, -2.148493916195025e-10, -1.8285755265010077e-15, 8.178345546700106e-16, 1.7046378798499416e-05, -1.2943056733225247e-06, -6.4269406524472465e-09, 5.160341924531136e-10]

[0.0, -1.107763347442163e-12, -2.1886919668421592e-13, 6.043471842788368e-11, -2.492643352805194e-10, -1.7037075339603581e-15, 8.540258255942862e-16, 2.0818089928027332e-05, -1.2319592966146276e-06, -7.216960899638938e-09, 4.672552376309201e-10]

[0.0, -1.1927853140769192e-12, -2.5465430446412896e-13, 7.800734607041806e-11, -2.4489101564624043e-10, -1.5854279213894753e-15, 8.231595096802434e-16, 2.1129116889586884e-05, -1.3256518068415697e-06, -6.331968487482404e-09, 4.757910210108007e-10]

[0.0, -9.732694905559712e-13, -2.433099870247728e-13, 7.44239904657689e-11, -2.38111892677852e-10, -1.7356215125009138e-15, 7.642247983264383e-16, 1.719400144199331e-05, -1.17632120166842e-06, -8.15817784914186e-09, 5.170572445897212e-10]

[0.0, -1.0615272885204017e-12, -2.2770391196668996e-13, 7.390072724508237e-11, -2.479801776503216e-10, -1.6127010016723867e-15, 9.043131088664289e-16, 2.1088095377495258e-05, -1.2697818806537515e-06, -7.106805147085507e-09, 4.997394526854008e-10]

[0.0, -1.1566821077153043e-12, -2.0693755708926508e-13, 5.45645593899695e-11, -2.498340964608686e-10, -1.793039085224864e-15, 8.4960016204769e-16, 1.6803354019130558e-05, -1.265564275589346e-06, -6.483837570957341e-09, 5.160341924531136e-10]

[0.0, -1.0327678610389264e-12, -2.2832258724050774e-13, 6.533054139750618e-11, -2.3979136808754546e-10, -1.4409175207913257e-15, 8.579197146851295e-16, 1.8992112359495576e-05, -1.1818079000152647e-06, -7.848818245884451e-09, 4.449012685497156e-10]

[0.0, -1.0615192630659495e-12, -2.292200318649275e-13, 5.84010287883279e-11, -2.648713517077143e-10, -1.920379647462693e-15, 8.178345546700106e-16, 1.5965983360742556e-05, -1.4160953134287472e-06, -6.4269406524472465e-09, 5.634810930099501e-10]

[0.0, -9.51249828322708e-13, -2.303064473128267e-13, 7.042275053895793e-11, -2.2834567727773695e-10, -1.6905178745604206e-15, 8.642386329924459e-16, 2.156284043736333e-05, -1.2319592966146276e-06, -6.9088446883018225e-09, 4.672552376309201e-10]

[0.0, -9.690296183681323e-13, -2.0238591079648208e-13, 6.556455297202372e-11, -2.2119347852596767e-10, -1.678026097782787e-15, 9.270315467249948e-16, 2.0818089928027332e-05, -1.2346047311790824e-06, -7.216960899638938e-09, 4.900626914401681e-10]

--------------------GENERATION ENDED-------------


Genetation iteration  1
--- Initial Population ----
[0.0, -9.51249828322708e-13, -2.2673471944345476e-13, 5.935335737310983e-11, -2.1928147018745368e-10, -1.778433784257101e-15, 7.713611568677834e-16, 1.845838183828188e-05, -1.2943056733225247e-06, -6.129216985533779e-09, 5.160341924531136e-10]

[0.0, -1.061802918258146e-12, -2.0888598142178244e-13, 6.043471842788368e-11, -2.492643352805194e-10, -1.7037075339603581e-15, 9.266712438854657e-16, 2.0818089928027332e-05, -1.2319592966146276e-06, -7.207207704738874e-09, 4.5713824923037926e-10]

[0.0, -1.1927853140769192e-12, -2.5465430446412896e-13, 8.355487712286926e-11, -2.3867336191696883e-10, -1.5854279213894753e-15, 8.787747925826729e-16, 2.2593281117154212e-05, -1.3256518068415697e-06, -6.357432957627648e-09, 4.4066278837533743e-10]

[0.0, -9.238819610429115e-13, -2.529983034497112e-13, 7.1552769145012e-11, -2.362241195412242e-10, -1.8216237782232714e-15, 8.023437909465193e-16, 1.7990609984739635e-05, -1.2688371274027868e-06, -8.848130727151477e-09, 5.170572445897212e-10]

[0.0, -1.13767939247503e-12, -2.2724685317806774e-13, 7.10527582567937e-11, -2.5451599685143123e-10, -1.6036081027951592e-15, 8.37866459901382e-16, 2.2352325486729463e-05, -1.2056433380239802e-06, -7.106805147085507e-09, 5.120065979252581e-10]

[0.0, -1.1375883323212807e-12, -2.1024477663820487e-13, 4.9946800666649355e-11, -2.417835112361485e-10, -1.793039085224864e-15, 8.4960016204769e-16, 1.6753805266364468e-05, -1.3228602377162711e-06, -6.145483456415112e-09, 4.972407860840821e-10]

[0.0, -9.611017975108627e-13, -2.421203443705442e-13, 6.533054139750618e-11, -2.2790698252026152e-10, -1.4409175207913257e-15, 9.115569192950194e-16, 2.0031912691915712e-05, -1.1513939471024877e-06, -7.827706256800803e-09, 4.5311886904693626e-10]

[0.0, -1.0615192630659495e-12, -2.4077589799786256e-13, 5.3808246778816404e-11, -2.728878196426596e-10, -1.9411112555596517e-15, 8.608819558267245e-16, 1.657033355508749e-05, -1.3878985391338447e-06, -6.323838404926943e-09, 5.485407205868622e-10]

[0.0, -9.51249828322708e-13, -2.492388450483368e-13, 7.725302897546731e-11, -2.1030864616810688e-10, -1.6262171889654438e-15, 9.092441134925894e-16, 2.0151045527375656e-05, -1.2467827734754967e-06, -6.725072872739037e-09, 4.672552376309201e-10]

[0.0, -8.987846162107476e-13, -2.0726539736551366e-13, 6.556455297202372e-11, -2.0977042611544344e-10, -1.6923266116181567e-15, 8.490155073004747e-16, 2.124778069015209e-05, -1.268300873378779e-06, -7.6971552420653e-09, 4.995226933060756e-10]

----------------------------
Train and Validation error 
289999277199.42346 726346025512.4426
787586617850.884 500029596723.103
1670157832962.9136 1198484026739.8237
1260927223889.447 952758740480.3301
1641843068503.4492 5123077060030.333
1161269488126.1997 810323801512.0105
355842280326.77997 393282533136.60803
646433484709.0115 335839215565.11005
523724981981.283 360327861809.86755
365045199460.7274 465667569575.71497
After Selection (Parents Selected) 
[0.0, -9.51249828322708e-13, -2.492388450483368e-13, 7.725302897546731e-11, -2.1030864616810688e-10, -1.6262171889654438e-15, 9.092441134925894e-16, 2.0151045527375656e-05, -1.2467827734754967e-06, -6.725072872739037e-09, 4.672552376309201e-10]
[0.0, -9.611017975108627e-13, -2.421203443705442e-13, 6.533054139750618e-11, -2.2790698252026152e-10, -1.4409175207913257e-15, 9.115569192950194e-16, 2.0031912691915712e-05, -1.1513939471024877e-06, -7.827706256800803e-09, 4.5311886904693626e-10]
----------------------------
---After Crossover----
0 [0.0, -9.51249828322708e-13, -2.492388450483368e-13, 7.725302897546731e-11, -2.1030864616810688e-10, -1.4409175207913257e-15, 9.115569192950194e-16, 2.0031912691915712e-05, -1.1513939471024877e-06, -7.827706256800803e-09, 4.5311886904693626e-10]
1 [0.0, -9.611017975108627e-13, -2.421203443705442e-13, 6.533054139750618e-11, -2.2790698252026152e-10, -1.6262171889654438e-15, 9.092441134925894e-16, 2.0151045527375656e-05, -1.2467827734754967e-06, -6.725072872739037e-09, 4.672552376309201e-10]
2 [0.0, -9.51249828322708e-13, -2.492388450483368e-13, 7.725302897546731e-11, -2.1030864616810688e-10, -1.4409175207913257e-15, 9.115569192950194e-16, 2.0031912691915712e-05, -1.1513939471024877e-06, -7.827706256800803e-09, 4.5311886904693626e-10]
3 [0.0, -9.611017975108627e-13, -2.421203443705442e-13, 6.533054139750618e-11, -2.2790698252026152e-10, -1.6262171889654438e-15, 9.092441134925894e-16, 2.0151045527375656e-05, -1.2467827734754967e-06, -6.725072872739037e-09, 4.672552376309201e-10]
4 [0.0, -9.51249828322708e-13, -2.492388450483368e-13, 7.725302897546731e-11, -2.1030864616810688e-10, -1.4409175207913257e-15, 9.115569192950194e-16, 2.0031912691915712e-05, -1.1513939471024877e-06, -7.827706256800803e-09, 4.5311886904693626e-10]
5 [0.0, -9.611017975108627e-13, -2.421203443705442e-13, 6.533054139750618e-11, -2.2790698252026152e-10, -1.6262171889654438e-15, 9.092441134925894e-16, 2.0151045527375656e-05, -1.2467827734754967e-06, -6.725072872739037e-09, 4.672552376309201e-10]
6 [0.0, -9.51249828322708e-13, -2.492388450483368e-13, 7.725302897546731e-11, -2.1030864616810688e-10, -1.4409175207913257e-15, 9.115569192950194e-16, 2.0031912691915712e-05, -1.1513939471024877e-06, -7.827706256800803e-09, 4.5311886904693626e-10]
7 [0.0, -9.611017975108627e-13, -2.421203443705442e-13, 6.533054139750618e-11, -2.2790698252026152e-10, -1.6262171889654438e-15, 9.092441134925894e-16, 2.0151045527375656e-05, -1.2467827734754967e-06, -6.725072872739037e-09, 4.672552376309201e-10]
8 [0.0, -9.51249828322708e-13, -2.492388450483368e-13, 7.725302897546731e-11, -2.1030864616810688e-10, -1.4409175207913257e-15, 9.115569192950194e-16, 2.0031912691915712e-05, -1.1513939471024877e-06, -7.827706256800803e-09, 4.5311886904693626e-10]
9 [0.0, -9.611017975108627e-13, -2.421203443705442e-13, 6.533054139750618e-11, -2.2790698252026152e-10, -1.6262171889654438e-15, 9.092441134925894e-16, 2.0151045527375656e-05, -1.2467827734754967e-06, -6.725072872739037e-09, 4.672552376309201e-10]
----------------------------
----After Mutation--- 
0 [0.0, -1.0321257531138204e-12, -2.5450773296339503e-13, 8.304797665335544e-11, -1.9397953969173629e-10, -1.4409175207913257e-15, 8.351294575876806e-16, 1.836549953683694e-05, -1.1908256400689493e-06, -8.577888050381543e-09, 4.2241965321236136e-10]
1 [0.0, -9.106350137155661e-13, -2.5100248655597554e-13, 6.533054139750618e-11, -2.439027267103601e-10, -1.527984158107744e-15, 9.092441134925894e-16, 2.0151045527375656e-05, -1.1241392657449091e-06, -6.725072872739037e-09, 4.6164904055305184e-10]
2 [0.0, -9.70178271221959e-13, -2.615195502157484e-13, 6.995127181731459e-11, -2.1997945555757808e-10, -1.54798784012144e-15, 9.144082887991041e-16, 2.1697234638025747e-05, -1.1513939471024877e-06, -7.349545871657482e-09, 4.91856369504663e-10]
3 [0.0, -1.0246924427390148e-12, -2.4070122933338973e-13, 6.258845715660666e-11, -2.394192820961263e-10, -1.7616054710031142e-15, 9.092441134925894e-16, 2.188716959233223e-05, -1.1360671787278645e-06, -6.742418146924937e-09, 4.4303133064859645e-10]
4 [0.0, -1.0045307183748891e-12, -2.466528076894413e-13, 7.904541677754248e-11, -2.1919675622797508e-10, -1.3004377719013022e-15, 9.437424736849793e-16, 1.9868060425067124e-05, -1.264717565733563e-06, -8.415232375531945e-09, 4.3623827835728835e-10]
5 [0.0, -9.611017975108627e-13, -2.359984347383207e-13, 6.369988006585502e-11, -2.2560197362336473e-10, -1.641264230421609e-15, 8.364606915737187e-16, 2.0937866224472932e-05, -1.2467827734754967e-06, -7.1694679617395654e-09, 4.672552376309201e-10]
6 [0.0, -9.993455299474077e-13, -2.407700628667504e-13, 8.432633486428375e-11, -2.2164908741470256e-10, -1.4309673882374464e-15, 9.754320627043422e-16, 1.9862999544913358e-05, -1.2490162633719847e-06, -7.4293946867828466e-09, 4.1672526097217565e-10]
7 [0.0, -1.0137159023276393e-12, -2.2344206703016555e-13, 6.268517276597164e-11, -2.2261363072024863e-10, -1.7615168053606554e-15, 9.092441134925894e-16, 1.926857970767186e-05, -1.2467827734754967e-06, -6.567461144980745e-09, 4.537773504536936e-10]
8 [0.0, -9.783420737376291e-13, -2.492388450483368e-13, 6.966180696815073e-11, -2.2968511036642374e-10, -1.3887694501124192e-15, 9.044242380017682e-16, 2.0296549661129373e-05, -1.1513939471024877e-06, -7.345700325059031e-09, 4.6146078031325173e-10]
9 [0.0, -9.84747516672216e-13, -2.3042357217775016e-13, 6.533054139750618e-11, -2.2790698252026152e-10, -1.6262171889654438e-15, 8.989402275743948e-16, 2.0943389081637777e-05, -1.3480989981470636e-06, -7.100226758961544e-09, 4.2819652547040914e-10]
----------------------------
Train and Validation error 
3924585576007.7695 4804115843980.994
688735394414.5712 2437793602904.4014
1335427329430.87 4331859578775.978
536073942694.4715 1656994089477.4863
3717997758546.1377 4573486566818.78
592123535831.9434 390016799547.4403
3486974042012.2446 4022436700107.788
1148964321299.2112 780007896289.0652
311839294214.6859 1004043390180.0261
5249374519418.905 6398561944636.06

-------------------NEW GENERATION-------------
[0.0, -9.611017975108627e-13, -2.359984347383207e-13, 6.369988006585502e-11, -2.2560197362336473e-10, -1.641264230421609e-15, 8.364606915737187e-16, 2.0937866224472932e-05, -1.2467827734754967e-06, -7.1694679617395654e-09, 4.672552376309201e-10]

[0.0, -9.783420737376291e-13, -2.492388450483368e-13, 6.966180696815073e-11, -2.2968511036642374e-10, -1.3887694501124192e-15, 9.044242380017682e-16, 2.0296549661129373e-05, -1.1513939471024877e-06, -7.345700325059031e-09, 4.6146078031325173e-10]

[0.0, -1.0137159023276393e-12, -2.2344206703016555e-13, 6.268517276597164e-11, -2.2261363072024863e-10, -1.7615168053606554e-15, 9.092441134925894e-16, 1.926857970767186e-05, -1.2467827734754967e-06, -6.567461144980745e-09, 4.537773504536936e-10]

[0.0, -9.611017975108627e-13, -2.421203443705442e-13, 6.533054139750618e-11, -2.2790698252026152e-10, -1.4409175207913257e-15, 9.115569192950194e-16, 2.0031912691915712e-05, -1.1513939471024877e-06, -7.827706256800803e-09, 4.5311886904693626e-10]

[0.0, -9.51249828322708e-13, -2.492388450483368e-13, 7.725302897546731e-11, -2.1030864616810688e-10, -1.6262171889654438e-15, 9.092441134925894e-16, 2.0151045527375656e-05, -1.2467827734754967e-06, -6.725072872739037e-09, 4.672552376309201e-10]

[0.0, -8.987846162107476e-13, -2.0726539736551366e-13, 6.556455297202372e-11, -2.0977042611544344e-10, -1.6923266116181567e-15, 8.490155073004747e-16, 2.124778069015209e-05, -1.268300873378779e-06, -7.6971552420653e-09, 4.995226933060756e-10]

[0.0, -1.0615192630659495e-12, -2.4077589799786256e-13, 5.3808246778816404e-11, -2.728878196426596e-10, -1.9411112555596517e-15, 8.608819558267245e-16, 1.657033355508749e-05, -1.3878985391338447e-06, -6.323838404926943e-09, 5.485407205868622e-10]

[0.0, -1.0246924427390148e-12, -2.4070122933338973e-13, 6.258845715660666e-11, -2.394192820961263e-10, -1.7616054710031142e-15, 9.092441134925894e-16, 2.188716959233223e-05, -1.1360671787278645e-06, -6.742418146924937e-09, 4.4303133064859645e-10]

[0.0, -9.51249828322708e-13, -2.2673471944345476e-13, 5.935335737310983e-11, -2.1928147018745368e-10, -1.778433784257101e-15, 7.713611568677834e-16, 1.845838183828188e-05, -1.2943056733225247e-06, -6.129216985533779e-09, 5.160341924531136e-10]

[0.0, -1.061802918258146e-12, -2.0888598142178244e-13, 6.043471842788368e-11, -2.492643352805194e-10, -1.7037075339603581e-15, 9.266712438854657e-16, 2.0818089928027332e-05, -1.2319592966146276e-06, -7.207207704738874e-09, 4.5713824923037926e-10]

--------------------GENERATION ENDED-------------


Genetation iteration  2
--- Initial Population ----
[0.0, -8.780542518413454e-13, -2.1755062748872575e-13, 6.297896003981799e-11, -2.471647676109468e-10, -1.5885864048699432e-15, 8.69613807400538e-16, 2.0365142222408606e-05, -1.2456488686303926e-06, -6.464534332298307e-09, 4.936283153111792e-10]

[0.0, -8.878921046620192e-13, -2.4198200416232643e-13, 6.990848436405753e-11, -2.0985846717629927e-10, -1.3887694501124192e-15, 9.044242380017682e-16, 1.8909272747662513e-05, -1.1801685241798968e-06, -7.095932085489993e-09, 4.6146078031325173e-10]

[0.0, -1.054038230901327e-12, -2.2344206703016555e-13, 6.131112804825535e-11, -2.433933075897389e-10, -1.9147142385593226e-15, 9.158882432246532e-16, 1.897792326056764e-05, -1.1692302144497246e-06, -6.471530403252011e-09, 4.683414948962418e-10]

[0.0, -1.043068140884885e-12, -2.570687510360893e-13, 7.157009167621906e-11, -2.418603288875044e-10, -1.3583316759100424e-15, 1.000557668053342e-15, 2.1481680745436803e-05, -1.1683476991920493e-06, -7.811387656069148e-09, 4.5311886904693626e-10]

[0.0, -9.83538574073323e-13, -2.6633024906881e-13, 7.210613802943313e-11, -1.9492410763425323e-10, -1.4803438262053205e-15, 9.061344410480758e-16, 1.9262474124802112e-05, -1.1835822408930782e-06, -6.4937816383770586e-09, 4.983790905930598e-10]

[0.0, -8.850252747265175e-13, -2.1571194246293898e-13, 6.922697138287601e-11, -2.2197259231579864e-10, -1.6923266116181567e-15, 9.049191271830024e-16, 1.931616451188334e-05, -1.3388672645036295e-06, -7.6971552420653e-09, 4.995226933060756e-10]

[0.0, -1.0444098104838103e-12, -2.517155572075736e-13, 5.1628661406885913e-11, -2.512325139191461e-10, -1.84584278956778e-15, 8.878724108809925e-16, 1.7307491360180366e-05, -1.3878985391338447e-06, -6.941326795666407e-09, 5.015280162039865e-10]

[0.0, -1.0263046943068532e-12, -2.4070122933338973e-13, 6.246386920433465e-11, -2.6218706075135424e-10, -1.7553430546201906e-15, 9.092441134925894e-16, 2.3285903987661733e-05, -1.0340710884627188e-06, -7.308412679467356e-09, 4.1909021903733645e-10]

[0.0, -1.0377978604395065e-12, -2.0671358625540737e-13, 6.476574891263989e-11, -2.373651388064665e-10, -1.7206319099240222e-15, 7.103898341425911e-16, 1.845838183828188e-05, -1.3659159551207688e-06, -6.010661536030193e-09, 5.00608553100247e-10]

[0.0, -1.0581811318617878e-12, -1.9145931258387488e-13, 5.547674126011219e-11, -2.6368311093581394e-10, -1.7037075339603581e-15, 9.997895595785376e-16, 2.2169724791578057e-05, -1.2319592966146276e-06, -7.816439570482344e-09, 4.5713824923037926e-10]

----------------------------
Train and Validation error 
409739721528.2753 1346576611875.516
291503113166.327 353478009943.06903
385252268790.5675 953202165023.482
306913091237.0802 519866985556.013
918118313100.3301 3131871546976.8174
1691766354010.9006 1449428160206.1782
3217014953213.6377 3483305727118.6743
1031300838089.8652 3482698881431.3394
1033537112272.5105 633506555910.4303
836027951524.0038 542547541514.01074
After Selection (Parents Selected) 
[0.0, -1.043068140884885e-12, -2.570687510360893e-13, 7.157009167621906e-11, -2.418603288875044e-10, -1.3583316759100424e-15, 1.000557668053342e-15, 2.1481680745436803e-05, -1.1683476991920493e-06, -7.811387656069148e-09, 4.5311886904693626e-10]
[0.0, -8.878921046620192e-13, -2.4198200416232643e-13, 6.990848436405753e-11, -2.0985846717629927e-10, -1.3887694501124192e-15, 9.044242380017682e-16, 1.8909272747662513e-05, -1.1801685241798968e-06, -7.095932085489993e-09, 4.6146078031325173e-10]
----------------------------
---After Crossover----
0 [0.0, -1.043068140884885e-12, -2.570687510360893e-13, 7.157009167621906e-11, -2.418603288875044e-10, -1.3887694501124192e-15, 9.044242380017682e-16, 1.8909272747662513e-05, -1.1801685241798968e-06, -7.095932085489993e-09, 4.6146078031325173e-10]
1 [0.0, -8.878921046620192e-13, -2.4198200416232643e-13, 6.990848436405753e-11, -2.0985846717629927e-10, -1.3583316759100424e-15, 1.000557668053342e-15, 2.1481680745436803e-05, -1.1683476991920493e-06, -7.811387656069148e-09, 4.5311886904693626e-10]
2 [0.0, -1.043068140884885e-12, -2.570687510360893e-13, 7.157009167621906e-11, -2.418603288875044e-10, -1.3887694501124192e-15, 9.044242380017682e-16, 1.8909272747662513e-05, -1.1801685241798968e-06, -7.095932085489993e-09, 4.6146078031325173e-10]
3 [0.0, -8.878921046620192e-13, -2.4198200416232643e-13, 6.990848436405753e-11, -2.0985846717629927e-10, -1.3583316759100424e-15, 1.000557668053342e-15, 2.1481680745436803e-05, -1.1683476991920493e-06, -7.811387656069148e-09, 4.5311886904693626e-10]
4 [0.0, -1.043068140884885e-12, -2.570687510360893e-13, 7.157009167621906e-11, -2.418603288875044e-10, -1.3887694501124192e-15, 9.044242380017682e-16, 1.8909272747662513e-05, -1.1801685241798968e-06, -7.095932085489993e-09, 4.6146078031325173e-10]
5 [0.0, -8.878921046620192e-13, -2.4198200416232643e-13, 6.990848436405753e-11, -2.0985846717629927e-10, -1.3583316759100424e-15, 1.000557668053342e-15, 2.1481680745436803e-05, -1.1683476991920493e-06, -7.811387656069148e-09, 4.5311886904693626e-10]
6 [0.0, -1.043068140884885e-12, -2.570687510360893e-13, 7.157009167621906e-11, -2.418603288875044e-10, -1.3887694501124192e-15, 9.044242380017682e-16, 1.8909272747662513e-05, -1.1801685241798968e-06, -7.095932085489993e-09, 4.6146078031325173e-10]
7 [0.0, -8.878921046620192e-13, -2.4198200416232643e-13, 6.990848436405753e-11, -2.0985846717629927e-10, -1.3583316759100424e-15, 1.000557668053342e-15, 2.1481680745436803e-05, -1.1683476991920493e-06, -7.811387656069148e-09, 4.5311886904693626e-10]
8 [0.0, -1.043068140884885e-12, -2.570687510360893e-13, 7.157009167621906e-11, -2.418603288875044e-10, -1.3887694501124192e-15, 9.044242380017682e-16, 1.8909272747662513e-05, -1.1801685241798968e-06, -7.095932085489993e-09, 4.6146078031325173e-10]
9 [0.0, -8.878921046620192e-13, -2.4198200416232643e-13, 6.990848436405753e-11, -2.0985846717629927e-10, -1.3583316759100424e-15, 1.000557668053342e-15, 2.1481680745436803e-05, -1.1683476991920493e-06, -7.811387656069148e-09, 4.5311886904693626e-10]
----------------------------
----After Mutation--- 
0 [0.0, -9.95799671109719e-13, -2.7650944436762344e-13, 7.334401834711233e-11, -2.5168075188473944e-10, -1.3400213584929284e-15, 9.51183953284392e-16, 1.9039235704926604e-05, -1.230484797059004e-06, -6.390051484450385e-09, 4.234986582660282e-10]
1 [0.0, -8.878921046620192e-13, -2.5364436682946253e-13, 7.323514351947796e-11, -2.1750391689714304e-10, -1.275476901962352e-15, 1.000557668053342e-15, 2.1043364934459576e-05, -1.2134954358317853e-06, -7.811387656069148e-09, 4.5311886904693626e-10]
2 [0.0, -1.043068140884885e-12, -2.3544702067758e-13, 7.153945152453617e-11, -2.2983182148826472e-10, -1.463089310753006e-15, 9.044242380017682e-16, 2.0763879648308286e-05, -1.1801685241798968e-06, -7.010060836055567e-09, 4.526906774884035e-10]
3 [0.0, -9.66980261625137e-13, -2.5748667103523845e-13, 6.416186774389008e-11, -2.1552229917830177e-10, -1.4885088582488848e-15, 1.000557668053342e-15, 2.0224975215697677e-05, -1.1683476991920493e-06, -8.120122980727043e-09, 4.965760487316919e-10]
4 [0.0, -9.952630349696265e-13, -2.557079865070868e-13, 7.775703341709166e-11, -2.418603288875044e-10, -1.372024743278508e-15, 9.698762034549899e-16, 1.9092570637191484e-05, -1.1801685241798968e-06, -7.159646015517461e-09, 4.182537691209867e-10]
5 [0.0, -9.579752235492518e-13, -2.545146533280251e-13, 7.236659877376477e-11, -1.9442952038949645e-10, -1.281100845929295e-15, 1.000557668053342e-15, 2.1481680745436803e-05, -1.0630807405173932e-06, -7.1456390152366775e-09, 4.5311886904693626e-10]
6 [0.0, -1.043068140884885e-12, -2.570687510360893e-13, 7.157009167621906e-11, -2.418603288875044e-10, -1.4032246071981427e-15, 8.356006691975109e-16, 1.8909272747662513e-05, -1.287799673692831e-06, -7.095932085489993e-09, 5.060292424631874e-10]
7 [0.0, -9.452702481447831e-13, -2.280177233558873e-13, 7.655900937327959e-11, -2.163131124712738e-10, -1.2359339738886575e-15, 1.062044586608764e-15, 1.9595151967413935e-05, -1.1683476991920493e-06, -7.214290839201724e-09, 4.308022457010073e-10]
8 [0.0, -9.919406141611787e-13, -2.42003149198573e-13, 7.460102553958665e-11, -2.332911456754327e-10, -1.5237128717853748e-15, 8.484867058100139e-16, 2.0663045122379966e-05, -1.0893780658053795e-06, -7.243318888609386e-09, 4.6146078031325173e-10]
9 [0.0, -9.590294164251066e-13, -2.6457677731808706e-13, 6.935815882533351e-11, -2.1033657541935525e-10, -1.3583316759100424e-15, 1.000557668053342e-15, 1.975805282788799e-05, -1.1683476991920493e-06, -8.580332439776607e-09, 4.1721035807245023e-10]
----------------------------
Train and Validation error 
1544600358455.7388 1342489360281.0151
568390059924.0896 358884887759.9887
323225695086.0836 601725809855.6532
402660735783.0066 1501796703578.5598
1533797956974.2603 1360559339893.8481
1680484006058.4766 5135822037650.359
269896342928.81894 246904543521.6801
615108260838.2395 405318659937.4342
951512638398.6211 3265728452559.1284
2589740062932.2275 2830930711038.4927

-------------------NEW GENERATION-------------
[0.0, -1.043068140884885e-12, -2.570687510360893e-13, 7.157009167621906e-11, -2.418603288875044e-10, -1.4032246071981427e-15, 8.356006691975109e-16, 1.8909272747662513e-05, -1.287799673692831e-06, -7.095932085489993e-09, 5.060292424631874e-10]

[0.0, -8.878921046620192e-13, -2.4198200416232643e-13, 6.990848436405753e-11, -2.0985846717629927e-10, -1.3887694501124192e-15, 9.044242380017682e-16, 1.8909272747662513e-05, -1.1801685241798968e-06, -7.095932085489993e-09, 4.6146078031325173e-10]

[0.0, -8.878921046620192e-13, -2.5364436682946253e-13, 7.323514351947796e-11, -2.1750391689714304e-10, -1.275476901962352e-15, 1.000557668053342e-15, 2.1043364934459576e-05, -1.2134954358317853e-06, -7.811387656069148e-09, 4.5311886904693626e-10]

[0.0, -9.452702481447831e-13, -2.280177233558873e-13, 7.655900937327959e-11, -2.163131124712738e-10, -1.2359339738886575e-15, 1.062044586608764e-15, 1.9595151967413935e-05, -1.1683476991920493e-06, -7.214290839201724e-09, 4.308022457010073e-10]

[0.0, -1.043068140884885e-12, -2.570687510360893e-13, 7.157009167621906e-11, -2.418603288875044e-10, -1.3583316759100424e-15, 1.000557668053342e-15, 2.1481680745436803e-05, -1.1683476991920493e-06, -7.811387656069148e-09, 4.5311886904693626e-10]

[0.0, -1.043068140884885e-12, -2.3544702067758e-13, 7.153945152453617e-11, -2.2983182148826472e-10, -1.463089310753006e-15, 9.044242380017682e-16, 2.0763879648308286e-05, -1.1801685241798968e-06, -7.010060836055567e-09, 4.526906774884035e-10]

[0.0, -1.0581811318617878e-12, -1.9145931258387488e-13, 5.547674126011219e-11, -2.6368311093581394e-10, -1.7037075339603581e-15, 9.997895595785376e-16, 2.2169724791578057e-05, -1.2319592966146276e-06, -7.816439570482344e-09, 4.5713824923037926e-10]

[0.0, -1.054038230901327e-12, -2.2344206703016555e-13, 6.131112804825535e-11, -2.433933075897389e-10, -1.9147142385593226e-15, 9.158882432246532e-16, 1.897792326056764e-05, -1.1692302144497246e-06, -6.471530403252011e-09, 4.683414948962418e-10]

[0.0, -1.0377978604395065e-12, -2.0671358625540737e-13, 6.476574891263989e-11, -2.373651388064665e-10, -1.7206319099240222e-15, 7.103898341425911e-16, 1.845838183828188e-05, -1.3659159551207688e-06, -6.010661536030193e-09, 5.00608553100247e-10]

[0.0, -8.780542518413454e-13, -2.1755062748872575e-13, 6.297896003981799e-11, -2.471647676109468e-10, -1.5885864048699432e-15, 8.69613807400538e-16, 2.0365142222408606e-05, -1.2456488686303926e-06, -6.464534332298307e-09, 4.936283153111792e-10]

--------------------GENERATION ENDED-------------


Genetation iteration  3
--- Initial Population ----
[0.0, -1.1093471044082517e-12, -2.504771857942787e-13, 6.460555841172238e-11, -2.5599232470355246e-10, -1.416468998037918e-15, 8.603884796039002e-16, 2.0183722418696712e-05, -1.39116473903714e-06, -7.4318144683916954e-09, 4.643067504315278e-10]

[0.0, -8.616639859881739e-13, -2.5413847528561444e-13, 6.990848436405753e-11, -2.0985846717629927e-10, -1.4987161896507637e-15, 9.04616590452379e-16, 1.8442300323402276e-05, -1.0836051138683321e-06, -7.752692863584146e-09, 4.7026701780814e-10]

[0.0, -8.682159066174635e-13, -2.7417234709984174e-13, 7.52975135909702e-11, -2.0915027489357678e-10, -1.1601268270714473e-15, 9.149959023529078e-16, 2.06069098251529e-05, -1.2134954358317853e-06, -7.841099440870095e-09, 4.180629077220962e-10]

[0.0, -9.452702481447831e-13, -2.280177233558873e-13, 8.068218102966236e-11, -2.1568908607904707e-10, -1.2670428694094815e-15, 1.062044586608764e-15, 2.1047057491763876e-05, -1.1672698373488958e-06, -6.559830129043149e-09, 4.2479372175662217e-10]

[0.0, -1.0382514728067982e-12, -2.348923553392586e-13, 6.886448617788787e-11, -2.4085016199736437e-10, -1.2398630464835447e-15, 1.000557668053342e-15, 2.1481680745436803e-05, -1.1201286246227055e-06, -7.673614803406084e-09, 4.6186249763345226e-10]

[0.0, -9.64395081737106e-13, -2.4503306956803217e-13, 6.5870471363595e-11, -2.1309908157660917e-10, -1.5663937645803938e-15, 9.718793158522384e-16, 1.936065697073808e-05, -1.119615240429373e-06, -7.654598403490155e-09, 4.643602551732369e-10]

[0.0, -9.885123483809278e-13, -1.804768093864716e-13, 5.140041104532253e-11, -2.6278034781743355e-10, -1.5573608280706797e-15, 9.997895595785376e-16, 2.099843202713853e-05, -1.3245692465834687e-06, -7.206013926386542e-09, 4.755519608468545e-10]

[0.0, -1.054038230901327e-12, -2.2210298464935958e-13, 6.131112804825535e-11, -2.433933075897389e-10, -1.872475812765996e-15, 8.807944171277837e-16, 1.854219279408778e-05, -1.194291214143272e-06, -6.2793092282783575e-09, 4.5045424810028934e-10]

[0.0, -1.0377978604395065e-12, -1.976429127796183e-13, 6.054760646853407e-11, -2.3211825561774642e-10, -1.7870358244264144e-15, 7.103898341425911e-16, 1.984224261920919e-05, -1.421999827781771e-06, -6.473584401917168e-09, 5.00608553100247e-10]

[0.0, -8.780542518413454e-13, -2.1755062748872575e-13, 6.297896003981799e-11, -2.6027707010469623e-10, -1.6719815597325757e-15, 8.403519223292688e-16, 1.917707905884987e-05, -1.2456488686303926e-06, -6.466674598347195e-09, 4.4823127654733057e-10]

----------------------------
Train and Validation error 
4250714032095.1343 5213928634188.1045
451002665659.2352 1646023932244.75
2020426366495.2332 2083801925408.2192
359248972817.7633 430531756453.1266
675259521019.0042 2337052926493.3306
318835962392.85706 985764005313.5178
1288266145481.8975 924673343266.5865
686051495822.9371 472334161745.59375
2173415125462.436 1891353707744.7454
1189997824494.833 834733145063.7595
After Selection (Parents Selected) 
[0.0, -1.054038230901327e-12, -2.2210298464935958e-13, 6.131112804825535e-11, -2.433933075897389e-10, -1.872475812765996e-15, 8.807944171277837e-16, 1.854219279408778e-05, -1.194291214143272e-06, -6.2793092282783575e-09, 4.5045424810028934e-10]
[0.0, -9.452702481447831e-13, -2.280177233558873e-13, 8.068218102966236e-11, -2.1568908607904707e-10, -1.2670428694094815e-15, 1.062044586608764e-15, 2.1047057491763876e-05, -1.1672698373488958e-06, -6.559830129043149e-09, 4.2479372175662217e-10]
----------------------------
---After Crossover----
0 [0.0, -1.054038230901327e-12, -2.2210298464935958e-13, 6.131112804825535e-11, -2.433933075897389e-10, -1.2670428694094815e-15, 1.062044586608764e-15, 2.1047057491763876e-05, -1.1672698373488958e-06, -6.559830129043149e-09, 4.2479372175662217e-10]
1 [0.0, -9.452702481447831e-13, -2.280177233558873e-13, 8.068218102966236e-11, -2.1568908607904707e-10, -1.872475812765996e-15, 8.807944171277837e-16, 1.854219279408778e-05, -1.194291214143272e-06, -6.2793092282783575e-09, 4.5045424810028934e-10]
2 [0.0, -1.054038230901327e-12, -2.2210298464935958e-13, 6.131112804825535e-11, -2.433933075897389e-10, -1.2670428694094815e-15, 1.062044586608764e-15, 2.1047057491763876e-05, -1.1672698373488958e-06, -6.559830129043149e-09, 4.2479372175662217e-10]
3 [0.0, -9.452702481447831e-13, -2.280177233558873e-13, 8.068218102966236e-11, -2.1568908607904707e-10, -1.872475812765996e-15, 8.807944171277837e-16, 1.854219279408778e-05, -1.194291214143272e-06, -6.2793092282783575e-09, 4.5045424810028934e-10]
4 [0.0, -1.054038230901327e-12, -2.2210298464935958e-13, 6.131112804825535e-11, -2.433933075897389e-10, -1.2670428694094815e-15, 1.062044586608764e-15, 2.1047057491763876e-05, -1.1672698373488958e-06, -6.559830129043149e-09, 4.2479372175662217e-10]
5 [0.0, -9.452702481447831e-13, -2.280177233558873e-13, 8.068218102966236e-11, -2.1568908607904707e-10, -1.872475812765996e-15, 8.807944171277837e-16, 1.854219279408778e-05, -1.194291214143272e-06, -6.2793092282783575e-09, 4.5045424810028934e-10]
6 [0.0, -1.054038230901327e-12, -2.2210298464935958e-13, 6.131112804825535e-11, -2.433933075897389e-10, -1.2670428694094815e-15, 1.062044586608764e-15, 2.1047057491763876e-05, -1.1672698373488958e-06, -6.559830129043149e-09, 4.2479372175662217e-10]
7 [0.0, -9.452702481447831e-13, -2.280177233558873e-13, 8.068218102966236e-11, -2.1568908607904707e-10, -1.872475812765996e-15, 8.807944171277837e-16, 1.854219279408778e-05, -1.194291214143272e-06, -6.2793092282783575e-09, 4.5045424810028934e-10]
8 [0.0, -1.054038230901327e-12, -2.2210298464935958e-13, 6.131112804825535e-11, -2.433933075897389e-10, -1.2670428694094815e-15, 1.062044586608764e-15, 2.1047057491763876e-05, -1.1672698373488958e-06, -6.559830129043149e-09, 4.2479372175662217e-10]
9 [0.0, -9.452702481447831e-13, -2.280177233558873e-13, 8.068218102966236e-11, -2.1568908607904707e-10, -1.872475812765996e-15, 8.807944171277837e-16, 1.854219279408778e-05, -1.194291214143272e-06, -6.2793092282783575e-09, 4.5045424810028934e-10]
----------------------------
----After Mutation--- 
0 [0.0, -9.905408041522657e-13, -2.1674011015193538e-13, 5.51826883935403e-11, -2.2294395364114452e-10, -1.2096540839274096e-15, 9.92082822786012e-16, 2.0504139803314167e-05, -1.1255347534693668e-06, -7.170655628841986e-09, 4.2479372175662217e-10]
1 [0.0, -9.005726643300347e-13, -2.4651008978719067e-13, 7.979293438743584e-11, -2.0460702371565896e-10, -1.8867065004922165e-15, 9.035046886661793e-16, 1.854219279408778e-05, -1.194291214143272e-06, -6.1908291014801445e-09, 4.441304663431177e-10]
2 [0.0, -9.97575103409166e-13, -2.370915942641027e-13, 6.557898290429181e-11, -2.541180673466596e-10, -1.2803370117528611e-15, 1.0079467034340154e-15, 1.9572746135903535e-05, -1.0697294522842043e-06, -6.752290260528198e-09, 4.2479372175662217e-10]
3 [0.0, -8.70691153541759e-13, -2.1120952835850098e-13, 7.939605906774073e-11, -2.1429125436068213e-10, -1.8438813149351525e-15, 8.933475326803386e-16, 1.7156845902281052e-05, -1.194291214143272e-06, -5.970176022171101e-09, 4.4615718478455694e-10]
4 [0.0, -9.756276473246249e-13, -2.1252998636910236e-13, 6.470404484609079e-11, -2.433933075897389e-10, -1.332342330530935e-15, 1.0365475225638432e-15, 2.1040478373250543e-05, -1.1121882051403193e-06, -6.3351260082835395e-09, 4.489509261874345e-10]
5 [0.0, -9.452702481447831e-13, -2.1209417437818913e-13, 8.068218102966236e-11, -2.192379473517621e-10, -1.8885539004588066e-15, 8.731803350590413e-16, 1.8261980934204534e-05, -1.095958858019244e-06, -6.160022355281946e-09, 4.772995089375242e-10]
6 [0.0, -1.0087088114919524e-12, -2.2403441624647157e-13, 5.819610900666335e-11, -2.558993830102972e-10, -1.1554381179987349e-15, 9.84934252759158e-16, 2.0975133389403833e-05, -1.1517299022547875e-06, -6.939557334331906e-09, 4.0406115462369173e-10]
7 [0.0, -1.027567619246926e-12, -2.390638148999781e-13, 8.822608943265916e-11, -2.0086436285051955e-10, -2.025677576664162e-15, 8.807944171277837e-16, 1.9387493160559674e-05, -1.2933180783386297e-06, -6.2793092282783575e-09, 4.2518554888952573e-10]
8 [0.0, -1.0217072458065371e-12, -2.2210298464935958e-13, 6.131112804825535e-11, -2.377139940750444e-10, -1.3826479638814766e-15, 9.931532318941278e-16, 2.1047057491763876e-05, -1.23891106625229e-06, -6.968843066317232e-09, 4.184646289969475e-10]
9 [0.0, -9.452702481447831e-13, -2.280177233558873e-13, 8.703971085165456e-11, -2.1568908607904707e-10, -1.9766008004180877e-15, 8.807944171277837e-16, 1.854219279408778e-05, -1.3022668479715133e-06, -6.8538625053974334e-09, 4.5045424810028934e-10]
----------------------------
Train and Validation error 
297255430451.0219 448579294574.5687
824426848871.9634 539573802190.9448
394421494135.7042 1376529339487.2986
907385833145.5752 587684725632.006
1101987337209.7231 3558556169466.371
1178532639103.5059 4068108470990.7593
670462547189.4694 448253275173.4286
4150579169615.2227 4420588638542.344
1817029143950.9604 1615909051959.05
3761785963508.1885 4029811917611.0444

-------------------NEW GENERATION-------------
[0.0, -9.905408041522657e-13, -2.1674011015193538e-13, 5.51826883935403e-11, -2.2294395364114452e-10, -1.2096540839274096e-15, 9.92082822786012e-16, 2.0504139803314167e-05, -1.1255347534693668e-06, -7.170655628841986e-09, 4.2479372175662217e-10]

[0.0, -9.452702481447831e-13, -2.280177233558873e-13, 8.068218102966236e-11, -2.1568908607904707e-10, -1.2670428694094815e-15, 1.062044586608764e-15, 2.1047057491763876e-05, -1.1672698373488958e-06, -6.559830129043149e-09, 4.2479372175662217e-10]

[0.0, -1.0087088114919524e-12, -2.2403441624647157e-13, 5.819610900666335e-11, -2.558993830102972e-10, -1.1554381179987349e-15, 9.84934252759158e-16, 2.0975133389403833e-05, -1.1517299022547875e-06, -6.939557334331906e-09, 4.0406115462369173e-10]

[0.0, -9.005726643300347e-13, -2.4651008978719067e-13, 7.979293438743584e-11, -2.0460702371565896e-10, -1.8867065004922165e-15, 9.035046886661793e-16, 1.854219279408778e-05, -1.194291214143272e-06, -6.1908291014801445e-09, 4.441304663431177e-10]

[0.0, -1.054038230901327e-12, -2.2210298464935958e-13, 6.131112804825535e-11, -2.433933075897389e-10, -1.872475812765996e-15, 8.807944171277837e-16, 1.854219279408778e-05, -1.194291214143272e-06, -6.2793092282783575e-09, 4.5045424810028934e-10]

[0.0, -8.70691153541759e-13, -2.1120952835850098e-13, 7.939605906774073e-11, -2.1429125436068213e-10, -1.8438813149351525e-15, 8.933475326803386e-16, 1.7156845902281052e-05, -1.194291214143272e-06, -5.970176022171101e-09, 4.4615718478455694e-10]

[0.0, -9.64395081737106e-13, -2.4503306956803217e-13, 6.5870471363595e-11, -2.1309908157660917e-10, -1.5663937645803938e-15, 9.718793158522384e-16, 1.936065697073808e-05, -1.119615240429373e-06, -7.654598403490155e-09, 4.643602551732369e-10]

[0.0, -9.97575103409166e-13, -2.370915942641027e-13, 6.557898290429181e-11, -2.541180673466596e-10, -1.2803370117528611e-15, 1.0079467034340154e-15, 1.9572746135903535e-05, -1.0697294522842043e-06, -6.752290260528198e-09, 4.2479372175662217e-10]

[0.0, -8.780542518413454e-13, -2.1755062748872575e-13, 6.297896003981799e-11, -2.6027707010469623e-10, -1.6719815597325757e-15, 8.403519223292688e-16, 1.917707905884987e-05, -1.2456488686303926e-06, -6.466674598347195e-09, 4.4823127654733057e-10]

[0.0, -9.885123483809278e-13, -1.804768093864716e-13, 5.140041104532253e-11, -2.6278034781743355e-10, -1.5573608280706797e-15, 9.997895595785376e-16, 2.099843202713853e-05, -1.3245692465834687e-06, -7.206013926386542e-09, 4.755519608468545e-10]

--------------------GENERATION ENDED-------------


Genetation iteration  4
--- Initial Population ----
[0.0, -9.552545185563608e-13, -2.1674011015193538e-13, 5.51826883935403e-11, -2.2034531995908445e-10, -1.2787243287842218e-15, 1.0476982830651622e-15, 1.952356711018533e-05, -1.1164932768624593e-06, -6.803441128588886e-09, 4.069749671901133e-10]

[0.0, -8.691326247795346e-13, -2.2164095139436047e-13, 7.662294384171873e-11, -2.355358223841552e-10, -1.3825912528612963e-15, 1.1509782201441726e-15, 1.9322617869653874e-05, -1.1968949033594975e-06, -6.483692211129439e-09, 4.6305001904943346e-10]

[0.0, -9.880604557323192e-13, -2.2403441624647157e-13, 6.08921023657177e-11, -2.558993830102972e-10, -1.0420406403883315e-15, 9.84934252759158e-16, 1.9065182693867197e-05, -1.1517299022547875e-06, -6.888629773814571e-09, 4.295129233148792e-10]

[0.0, -9.005726643300347e-13, -2.6888503175660343e-13, 7.255632265557033e-11, -1.8989453068893226e-10, -1.8867065004922165e-15, 9.782828700418537e-16, 1.987173103099378e-05, -1.0785418120106432e-06, -6.1908291014801445e-09, 4.441304663431177e-10]

[0.0, -9.764831814558304e-13, -2.2210298464935958e-13, 6.010130919304429e-11, -2.386088887505343e-10, -1.872475812765996e-15, 8.807944171277837e-16, 1.854219279408778e-05, -1.194291214143272e-06, -6.2793092282783575e-09, 4.4530351394589784e-10]

[0.0, -9.205480243559076e-13, -2.2654891739962271e-13, 7.916490450286558e-11, -2.068544698248767e-10, -1.796899059459328e-15, 8.041889225636395e-16, 1.7156845902281052e-05, -1.1376805157675288e-06, -6.372867686080258e-09, 4.086374970339392e-10]

[0.0, -9.64395081737106e-13, -2.6686779030493865e-13, 6.5870471363595e-11, -2.1224669651164913e-10, -1.6716171911456355e-15, 9.718793158522384e-16, 1.818352322592788e-05, -1.119615240429373e-06, -7.1643792026297624e-09, 4.425997014414476e-10]

[0.0, -1.0590769424880217e-12, -2.427577050152389e-13, 6.557898290429181e-11, -2.3533364393286443e-10, -1.385951734484266e-15, 9.758154288090569e-16, 1.7799163474453748e-05, -1.1086256133302496e-06, -6.236961754431496e-09, 4.417367529687536e-10]

[0.0, -8.839716209577852e-13, -2.2471776578991318e-13, 6.307619046743008e-11, -2.568835722743849e-10, -1.7901586334371353e-15, 7.752952902807951e-16, 1.917707905884987e-05, -1.2644746469088698e-06, -6.9976525099321405e-09, 4.903995148646078e-10]

[0.0, -1.0416273123036942e-12, -1.8633131799867944e-13, 5.065390657066553e-11, -2.752707274754784e-10, -1.6887106589131128e-15, 1.0690841853643388e-15, 2.1209794525492547e-05, -1.3121035986660896e-06, -7.206013926386542e-09, 4.995116870540199e-10]

----------------------------
Train and Validation error 
539918077616.5626 390539724197.7546
263580360182.16327 604159704306.8562
317925387160.0658 246516345767.3685
845552269077.5408 2978761516958.471
824787514683.5787 539095416720.5775
1777750429444.978 1507032612069.144
476068375095.34784 429815842616.2201
291471006648.42474 959876913091.3105
554364797643.3385 364605384863.32416
492598216793.6846 341006766707.49036
After Selection (Parents Selected) 
[0.0, -1.0416273123036942e-12, -1.8633131799867944e-13, 5.065390657066553e-11, -2.752707274754784e-10, -1.6887106589131128e-15, 1.0690841853643388e-15, 2.1209794525492547e-05, -1.3121035986660896e-06, -7.206013926386542e-09, 4.995116870540199e-10]
[0.0, -9.880604557323192e-13, -2.2403441624647157e-13, 6.08921023657177e-11, -2.558993830102972e-10, -1.0420406403883315e-15, 9.84934252759158e-16, 1.9065182693867197e-05, -1.1517299022547875e-06, -6.888629773814571e-09, 4.295129233148792e-10]
----------------------------
---After Crossover----
0 [0.0, -1.0416273123036942e-12, -1.8633131799867944e-13, 5.065390657066553e-11, -2.752707274754784e-10, -1.0420406403883315e-15, 9.84934252759158e-16, 1.9065182693867197e-05, -1.1517299022547875e-06, -6.888629773814571e-09, 4.295129233148792e-10]
1 [0.0, -9.880604557323192e-13, -2.2403441624647157e-13, 6.08921023657177e-11, -2.558993830102972e-10, -1.6887106589131128e-15, 1.0690841853643388e-15, 2.1209794525492547e-05, -1.3121035986660896e-06, -7.206013926386542e-09, 4.995116870540199e-10]
2 [0.0, -1.0416273123036942e-12, -1.8633131799867944e-13, 5.065390657066553e-11, -2.752707274754784e-10, -1.0420406403883315e-15, 9.84934252759158e-16, 1.9065182693867197e-05, -1.1517299022547875e-06, -6.888629773814571e-09, 4.295129233148792e-10]
3 [0.0, -9.880604557323192e-13, -2.2403441624647157e-13, 6.08921023657177e-11, -2.558993830102972e-10, -1.6887106589131128e-15, 1.0690841853643388e-15, 2.1209794525492547e-05, -1.3121035986660896e-06, -7.206013926386542e-09, 4.995116870540199e-10]
4 [0.0, -1.0416273123036942e-12, -1.8633131799867944e-13, 5.065390657066553e-11, -2.752707274754784e-10, -1.0420406403883315e-15, 9.84934252759158e-16, 1.9065182693867197e-05, -1.1517299022547875e-06, -6.888629773814571e-09, 4.295129233148792e-10]
5 [0.0, -9.880604557323192e-13, -2.2403441624647157e-13, 6.08921023657177e-11, -2.558993830102972e-10, -1.6887106589131128e-15, 1.0690841853643388e-15, 2.1209794525492547e-05, -1.3121035986660896e-06, -7.206013926386542e-09, 4.995116870540199e-10]
6 [0.0, -1.0416273123036942e-12, -1.8633131799867944e-13, 5.065390657066553e-11, -2.752707274754784e-10, -1.0420406403883315e-15, 9.84934252759158e-16, 1.9065182693867197e-05, -1.1517299022547875e-06, -6.888629773814571e-09, 4.295129233148792e-10]
7 [0.0, -9.880604557323192e-13, -2.2403441624647157e-13, 6.08921023657177e-11, -2.558993830102972e-10, -1.6887106589131128e-15, 1.0690841853643388e-15, 2.1209794525492547e-05, -1.3121035986660896e-06, -7.206013926386542e-09, 4.995116870540199e-10]
8 [0.0, -1.0416273123036942e-12, -1.8633131799867944e-13, 5.065390657066553e-11, -2.752707274754784e-10, -1.0420406403883315e-15, 9.84934252759158e-16, 1.9065182693867197e-05, -1.1517299022547875e-06, -6.888629773814571e-09, 4.295129233148792e-10]
9 [0.0, -9.880604557323192e-13, -2.2403441624647157e-13, 6.08921023657177e-11, -2.558993830102972e-10, -1.6887106589131128e-15, 1.0690841853643388e-15, 2.1209794525492547e-05, -1.3121035986660896e-06, -7.206013926386542e-09, 4.995116870540199e-10]
----------------------------
----After Mutation--- 
0 [0.0, -1.1377618048390042e-12, -1.8633131799867944e-13, 5.5629900450077224e-11, -2.6586870784036984e-10, -1.0316683789116673e-15, 1.0208028016441678e-15, 1.9065182693867197e-05, -1.0650839857837562e-06, -7.549626935296137e-09, 3.89221053805403e-10]
1 [0.0, -1.0762638849897717e-12, -2.1265037960650678e-13, 6.689378831701608e-11, -2.558993830102972e-10, -1.5757194370301331e-15, 1.0095307988609779e-15, 2.252216866597164e-05, -1.2345879223324014e-06, -7.206013926386542e-09, 4.995116870540199e-10]
2 [0.0, -1.0086117367058449e-12, -1.8633131799867944e-13, 5.065390657066553e-11, -2.643790314637836e-10, -1.1355644966824418e-15, 1.0462917829718563e-15, 2.0319107838409172e-05, -1.1248225852704702e-06, -6.888629773814571e-09, 4.2577076119765795e-10]
3 [0.0, -1.0534952520786413e-12, -2.3085652855454716e-13, 6.220025119326511e-11, -2.3110192973478816e-10, -1.8395372580735248e-15, 1.0855700614687634e-15, 2.312952601797101e-05, -1.2567501958308362e-06, -7.226063781096869e-09, 5.40325359392124e-10]
4 [0.0, -9.451167155068949e-13, -1.8633131799867944e-13, 4.647820744754293e-11, -3.0174626655444724e-10, -1.0668466754496939e-15, 9.84934252759158e-16, 2.094936258334228e-05, -1.1517299022547875e-06, -6.838991211868723e-09, 4.480841197457812e-10]
5 [0.0, -9.679642597767939e-13, -2.2135611010336055e-13, 6.598541791190262e-11, -2.558993830102972e-10, -1.7928100030092764e-15, 1.172902605607055e-15, 2.322644929110346e-05, -1.3123773943828922e-06, -6.5287108179195426e-09, 4.93059906439258e-10]
6 [0.0, -1.0042466925075412e-12, -1.8754097578942927e-13, 5.1132915332633304e-11, -2.8223448653232504e-10, -1.0058596456715961e-15, 1.037725836822925e-15, 2.096004464507215e-05, -1.2300263829983123e-06, -6.579789458243002e-09, 4.5577812588744204e-10]
7 [0.0, -9.501623314899648e-13, -2.417131610488744e-13, 6.08921023657177e-11, -2.3465615437453537e-10, -1.521046341308815e-15, 1.0690841853643388e-15, 2.3253361800815604e-05, -1.3572864453656302e-06, -7.206013926386542e-09, 4.766549304491013e-10]
8 [0.0, -1.0416273123036942e-12, -2.0198283399892053e-13, 4.896211051476695e-11, -2.8617945390449806e-10, -9.402126785040987e-16, 1.023353919139741e-15, 1.9065182693867197e-05, -1.1517299022547875e-06, -7.286408378810401e-09, 4.127924660356565e-10]
9 [0.0, -9.880604557323192e-13, -2.0848428896151824e-13, 6.08921023657177e-11, -2.632011432814902e-10, -1.72760351695745e-15, 1.0596986238774881e-15, 2.2740909565553415e-05, -1.4017476562302216e-06, -7.206013926386542e-09, 5.359772170535833e-10]
----------------------------
Train and Validation error 
707257831681.3159 542296288513.50555
732757453657.0066 2460930603281.8535
261493462658.15707 591269024488.4207
1942546409655.2583 6018067215360.582
423393717198.1614 1421968015414.8538
498736498511.44025 994599019134.2871
251413175923.49185 466640991609.1717
1095684520425.0696 634015560188.4431
840767972536.2706 672761799899.343
419521574708.33997 445092713811.35126

-------------------NEW GENERATION-------------
[0.0, -1.0042466925075412e-12, -1.8754097578942927e-13, 5.1132915332633304e-11, -2.8223448653232504e-10, -1.0058596456715961e-15, 1.037725836822925e-15, 2.096004464507215e-05, -1.2300263829983123e-06, -6.579789458243002e-09, 4.5577812588744204e-10]

[0.0, -9.880604557323192e-13, -2.2403441624647157e-13, 6.08921023657177e-11, -2.558993830102972e-10, -1.0420406403883315e-15, 9.84934252759158e-16, 1.9065182693867197e-05, -1.1517299022547875e-06, -6.888629773814571e-09, 4.295129233148792e-10]

[0.0, -9.880604557323192e-13, -2.0848428896151824e-13, 6.08921023657177e-11, -2.632011432814902e-10, -1.72760351695745e-15, 1.0596986238774881e-15, 2.2740909565553415e-05, -1.4017476562302216e-06, -7.206013926386542e-09, 5.359772170535833e-10]

[0.0, -1.0086117367058449e-12, -1.8633131799867944e-13, 5.065390657066553e-11, -2.643790314637836e-10, -1.1355644966824418e-15, 1.0462917829718563e-15, 2.0319107838409172e-05, -1.1248225852704702e-06, -6.888629773814571e-09, 4.2577076119765795e-10]

[0.0, -1.1377618048390042e-12, -1.8633131799867944e-13, 5.5629900450077224e-11, -2.6586870784036984e-10, -1.0316683789116673e-15, 1.0208028016441678e-15, 1.9065182693867197e-05, -1.0650839857837562e-06, -7.549626935296137e-09, 3.89221053805403e-10]

[0.0, -1.0416273123036942e-12, -1.8633131799867944e-13, 5.065390657066553e-11, -2.752707274754784e-10, -1.6887106589131128e-15, 1.0690841853643388e-15, 2.1209794525492547e-05, -1.3121035986660896e-06, -7.206013926386542e-09, 4.995116870540199e-10]

[0.0, -8.839716209577852e-13, -2.2471776578991318e-13, 6.307619046743008e-11, -2.568835722743849e-10, -1.7901586334371353e-15, 7.752952902807951e-16, 1.917707905884987e-05, -1.2644746469088698e-06, -6.9976525099321405e-09, 4.903995148646078e-10]

[0.0, -9.552545185563608e-13, -2.1674011015193538e-13, 5.51826883935403e-11, -2.2034531995908445e-10, -1.2787243287842218e-15, 1.0476982830651622e-15, 1.952356711018533e-05, -1.1164932768624593e-06, -6.803441128588886e-09, 4.069749671901133e-10]

[0.0, -9.64395081737106e-13, -2.6686779030493865e-13, 6.5870471363595e-11, -2.1224669651164913e-10, -1.6716171911456355e-15, 9.718793158522384e-16, 1.818352322592788e-05, -1.119615240429373e-06, -7.1643792026297624e-09, 4.425997014414476e-10]

[0.0, -1.0416273123036942e-12, -2.0198283399892053e-13, 4.896211051476695e-11, -2.8617945390449806e-10, -9.402126785040987e-16, 1.023353919139741e-15, 1.9065182693867197e-05, -1.1517299022547875e-06, -7.286408378810401e-09, 4.127924660356565e-10]

--------------------GENERATION ENDED-------------


Train and Validation error 
251413175923.49185 466640991609.1717
317925387160.0658 246516345767.3685
419521574708.33997 445092713811.35126
261493462658.15707 591269024488.4207
707257831681.3159 542296288513.50555
492598216793.6846 341006766707.49036
554364797643.3385 364605384863.32416
539918077616.5626 390539724197.7546
476068375095.34784 429815842616.2201
840767972536.2706 672761799899.343
-------------------NEW GENERATION-------------

[0.0, -1.0042466925075412e-12, -1.8754097578942927e-13, 5.1132915332633304e-11, -2.8223448653232504e-10, -1.0058596456715961e-15, 1.037725836822925e-15, 2.096004464507215e-05, -1.2300263829983123e-06, -6.579789458243002e-09, 4.5577812588744204e-10]

[0.0, -9.880604557323192e-13, -2.2403441624647157e-13, 6.08921023657177e-11, -2.558993830102972e-10, -1.0420406403883315e-15, 9.84934252759158e-16, 1.9065182693867197e-05, -1.1517299022547875e-06, -6.888629773814571e-09, 4.295129233148792e-10]

[0.0, -9.880604557323192e-13, -2.0848428896151824e-13, 6.08921023657177e-11, -2.632011432814902e-10, -1.72760351695745e-15, 1.0596986238774881e-15, 2.2740909565553415e-05, -1.4017476562302216e-06, -7.206013926386542e-09, 5.359772170535833e-10]

[0.0, -1.0086117367058449e-12, -1.8633131799867944e-13, 5.065390657066553e-11, -2.643790314637836e-10, -1.1355644966824418e-15, 1.0462917829718563e-15, 2.0319107838409172e-05, -1.1248225852704702e-06, -6.888629773814571e-09, 4.2577076119765795e-10]

[0.0, -1.1377618048390042e-12, -1.8633131799867944e-13, 5.5629900450077224e-11, -2.6586870784036984e-10, -1.0316683789116673e-15, 1.0208028016441678e-15, 1.9065182693867197e-05, -1.0650839857837562e-06, -7.549626935296137e-09, 3.89221053805403e-10]

[0.0, -1.0416273123036942e-12, -1.8633131799867944e-13, 5.065390657066553e-11, -2.752707274754784e-10, -1.6887106589131128e-15, 1.0690841853643388e-15, 2.1209794525492547e-05, -1.3121035986660896e-06, -7.206013926386542e-09, 4.995116870540199e-10]

[0.0, -8.839716209577852e-13, -2.2471776578991318e-13, 6.307619046743008e-11, -2.568835722743849e-10, -1.7901586334371353e-15, 7.752952902807951e-16, 1.917707905884987e-05, -1.2644746469088698e-06, -6.9976525099321405e-09, 4.903995148646078e-10]

[0.0, -9.552545185563608e-13, -2.1674011015193538e-13, 5.51826883935403e-11, -2.2034531995908445e-10, -1.2787243287842218e-15, 1.0476982830651622e-15, 1.952356711018533e-05, -1.1164932768624593e-06, -6.803441128588886e-09, 4.069749671901133e-10]

[0.0, -9.64395081737106e-13, -2.6686779030493865e-13, 6.5870471363595e-11, -2.1224669651164913e-10, -1.6716171911456355e-15, 9.718793158522384e-16, 1.818352322592788e-05, -1.119615240429373e-06, -7.1643792026297624e-09, 4.425997014414476e-10]

[0.0, -1.0416273123036942e-12, -2.0198283399892053e-13, 4.896211051476695e-11, -2.8617945390449806e-10, -9.402126785040987e-16, 1.023353919139741e-15, 1.9065182693867197e-05, -1.1517299022547875e-06, -7.286408378810401e-09, 4.127924660356565e-10]

--------------------GENERATION ENDED-------------

Final Vector submitted
[0.0, -1.0416273123036942e-12, -2.0198283399892053e-13, 4.896211051476695e-11, -2.8617945390449806e-10, -9.402126785040987e-16, 1.023353919139741e-15, 1.9065182693867197e-05, -1.1517299022547875e-06, -7.286408378810401e-09, 4.127924660356565e-10]

