Genetation iteration  0
--- Initial Population ----
[0.0, -9.962007711570887e-13, -1.815894535645547e-13, 6.729357775905108e-11, -2.3466582340912327e-10, -1.419635410421825e-15, 7.955860232471894e-16, 1.8854458500331346e-05, -1.4902050313202793e-06, -7.56447757871467e-09, 5.78274369907528e-10]

[0.0, -9.940217398341605e-13, -2.1317038505347257e-13, 6.236219649446857e-11, -2.0119573395359113e-10, -1.5738490059001097e-15, 6.951529111868787e-16, 1.8134920462811877e-05, -1.6519075169983282e-06, -8.92221324367816e-09, 6.441948188966526e-10]

[0.0, -9.844111819022108e-13, -2.2417456539187282e-13, 6.34535976645246e-11, -2.104009492643354e-10, -1.5614224000695921e-15, 7.786070211771662e-16, 1.9215514924722627e-05, -1.5972380177790485e-06, -8.282088594515319e-09, 7.027343627624081e-10]

[0.0, -9.87156839587312e-13, -1.9297643638389939e-13, 6.010902228440405e-11, -2.415440604733732e-10, -1.7571603015980903e-15, 8.134347053197522e-16, 1.9496003900328625e-05, -1.817390530305999e-06, -9.156192267806964e-09, 6.610229797210346e-10]

[0.0, -1.0927478144182307e-12, -2.2117867057865747e-13, 6.693149724051552e-11, -2.233745320426362e-10, -1.4755060196039752e-15, 7.027441815335744e-16, 1.824645244628628e-05, -1.7893060893068876e-06, -8.745298748840316e-09, 6.556132250016152e-10]

[0.0, -1.029373515415237e-12, -2.0415275054887997e-13, 6.162954583249862e-11, -2.2280680346700738e-10, -1.6686928143935689e-15, 6.998332745300224e-16, 1.91573309445419e-05, -1.4054250096214506e-06, -8.10624120025722e-09, 6.206620743921367e-10]

[0.0, -1.1038721025601042e-12, -2.2903732311820674e-13, 6.020155594641691e-11, -2.2545619863768215e-10, -1.4070010777015163e-15, 7.63234802737985e-16, 1.9141913484235488e-05, -1.524361611403536e-06, -8.5522192241586e-09, 5.977384981792981e-10]

[0.0, -9.42631227623656e-13, -1.9657683759239323e-13, 6.816339923412692e-11, -2.5662792939398593e-10, -1.504693796173878e-15, 6.443290626086799e-16, 2.0000659117520964e-05, -1.6010983936284461e-06, -8.773983399139493e-09, 5.734987038480737e-10]

[0.0, -9.068610428377679e-13, -2.0177041708200102e-13, 6.67044277049815e-11, -2.3695653002501474e-10, -1.6554584050954103e-15, 8.269194202689005e-16, 2.1302380263964797e-05, -1.595853500094808e-06, -8.92221324367816e-09, 6.465828609771768e-10]

[0.0, -1.0390572301408651e-12, -2.1215728590846954e-13, 6.591673930696556e-11, -2.4999344253528077e-10, -1.4960834560217512e-15, 7.661505460601176e-16, 1.92336830828794e-05, -1.6311065847483372e-06, -8.951094208853281e-09, 6.470061529348415e-10]

----------------------------
Train and Validation error 
748263119696.6624 452122200531.82874
2764558597251.55 3301018051573.469
459596715491.25507 1767834103249.2761
7596188476477.148 10819716977270.252
6287758018320.244 9101418853367.16
506478713586.9295 1992808850572.52
1189480293155.2334 1021819677675.9685
5169220697657.213 6881027206182.34
479234872343.4798 179336362793.23602
1443976617711.4033 1369572056555.1892
After Selection (Parents Selected) 
[0.0, -9.962007711570887e-13, -1.815894535645547e-13, 6.729357775905108e-11, -2.3466582340912327e-10, -1.419635410421825e-15, 7.955860232471894e-16, 1.8854458500331346e-05, -1.4902050313202793e-06, -7.56447757871467e-09, 5.78274369907528e-10]
[0.0, -9.068610428377679e-13, -2.0177041708200102e-13, 6.67044277049815e-11, -2.3695653002501474e-10, -1.6554584050954103e-15, 8.269194202689005e-16, 2.1302380263964797e-05, -1.595853500094808e-06, -8.92221324367816e-09, 6.465828609771768e-10]
----------------------------
---After Crossover----
0 [0.0, -9.962007711570887e-13, -1.815894535645547e-13, 6.729357775905108e-11, -2.3466582340912327e-10, -1.6554584050954103e-15, 8.269194202689005e-16, 2.1302380263964797e-05, -1.595853500094808e-06, -8.92221324367816e-09, 6.465828609771768e-10]
1 [0.0, -9.068610428377679e-13, -2.0177041708200102e-13, 6.67044277049815e-11, -2.3695653002501474e-10, -1.419635410421825e-15, 7.955860232471894e-16, 1.8854458500331346e-05, -1.4902050313202793e-06, -7.56447757871467e-09, 5.78274369907528e-10]
2 [0.0, -9.962007711570887e-13, -1.815894535645547e-13, 6.729357775905108e-11, -2.3466582340912327e-10, -1.6554584050954103e-15, 8.269194202689005e-16, 2.1302380263964797e-05, -1.595853500094808e-06, -8.92221324367816e-09, 6.465828609771768e-10]
3 [0.0, -9.068610428377679e-13, -2.0177041708200102e-13, 6.67044277049815e-11, -2.3695653002501474e-10, -1.419635410421825e-15, 7.955860232471894e-16, 1.8854458500331346e-05, -1.4902050313202793e-06, -7.56447757871467e-09, 5.78274369907528e-10]
4 [0.0, -9.962007711570887e-13, -1.815894535645547e-13, 6.729357775905108e-11, -2.3466582340912327e-10, -1.6554584050954103e-15, 8.269194202689005e-16, 2.1302380263964797e-05, -1.595853500094808e-06, -8.92221324367816e-09, 6.465828609771768e-10]
5 [0.0, -9.068610428377679e-13, -2.0177041708200102e-13, 6.67044277049815e-11, -2.3695653002501474e-10, -1.419635410421825e-15, 7.955860232471894e-16, 1.8854458500331346e-05, -1.4902050313202793e-06, -7.56447757871467e-09, 5.78274369907528e-10]
6 [0.0, -9.962007711570887e-13, -1.815894535645547e-13, 6.729357775905108e-11, -2.3466582340912327e-10, -1.6554584050954103e-15, 8.269194202689005e-16, 2.1302380263964797e-05, -1.595853500094808e-06, -8.92221324367816e-09, 6.465828609771768e-10]
7 [0.0, -9.068610428377679e-13, -2.0177041708200102e-13, 6.67044277049815e-11, -2.3695653002501474e-10, -1.419635410421825e-15, 7.955860232471894e-16, 1.8854458500331346e-05, -1.4902050313202793e-06, -7.56447757871467e-09, 5.78274369907528e-10]
8 [0.0, -9.962007711570887e-13, -1.815894535645547e-13, 6.729357775905108e-11, -2.3466582340912327e-10, -1.6554584050954103e-15, 8.269194202689005e-16, 2.1302380263964797e-05, -1.595853500094808e-06, -8.92221324367816e-09, 6.465828609771768e-10]
9 [0.0, -9.068610428377679e-13, -2.0177041708200102e-13, 6.67044277049815e-11, -2.3695653002501474e-10, -1.419635410421825e-15, 7.955860232471894e-16, 1.8854458500331346e-05, -1.4902050313202793e-06, -7.56447757871467e-09, 5.78274369907528e-10]
----------------------------
----After Mutation--- 
0 [0.0, -1.0890001175680467e-12, -1.8581496485005388e-13, 6.729357775905108e-11, -2.4776022026260227e-10, -1.6744700312761304e-15, 8.497926065514997e-16, 2.1302380263964797e-05, -1.5876158967102563e-06, -8.92221324367816e-09, 5.910196356575005e-10]
1 [0.0, -9.068610428377679e-13, -1.9090424777219246e-13, 6.67044277049815e-11, -2.3377630708091063e-10, -1.3669037839316363e-15, 8.147315190210969e-16, 1.8816217560127473e-05, -1.3848031446040326e-06, -7.56447757871467e-09, 6.150188720479844e-10]
2 [0.0, -9.939749853091985e-13, -1.912615324335198e-13, 6.352299893054566e-11, -2.4242605944092613e-10, -1.5163497884261782e-15, 8.983733998362648e-16, 2.1302380263964797e-05, -1.503496544840548e-06, -9.003759868365927e-09, 6.090271732301919e-10]
3 [0.0, -9.20062878580426e-13, -2.0461025024540843e-13, 6.67044277049815e-11, -2.2895968588295856e-10, -1.5388097250031802e-15, 7.955860232471894e-16, 1.8854458500331346e-05, -1.497443763486949e-06, -7.254815581859479e-09, 6.249608188353305e-10]
4 [0.0, -9.962007711570887e-13, -1.815894535645547e-13, 6.729357775905108e-11, -2.3466582340912327e-10, -1.8077599630821865e-15, 8.644706639490757e-16, 2.056591248596816e-05, -1.5205359728450479e-06, -8.891611336000657e-09, 6.16347640238407e-10]
5 [0.0, -9.068610428377679e-13, -1.9877291047632185e-13, 6.55605475430442e-11, -2.51571457121852e-10, -1.464150707427916e-15, 7.589251041104777e-16, 1.963587352860846e-05, -1.61087228432147e-06, -7.759413063657707e-09, 5.78274369907528e-10]
6 [0.0, -9.22876214247506e-13, -1.6904440902985864e-13, 6.573021346989768e-11, -2.3466582340912327e-10, -1.5479317582510216e-15, 8.491714649627688e-16, 2.1302380263964797e-05, -1.6009036643646718e-06, -8.81716855581831e-09, 6.465828609771768e-10]
7 [0.0, -9.068610428377679e-13, -2.2015327316483443e-13, 6.013194977090794e-11, -2.3695653002501474e-10, -1.39673973728751e-15, 7.955860232471894e-16, 1.7971869562730057e-05, -1.6116664086449665e-06, -7.56447757871467e-09, 6.255034039721393e-10]
8 [0.0, -9.962007711570887e-13, -1.9779362392137645e-13, 6.425930917711912e-11, -2.4371287073732475e-10, -1.7896001047437552e-15, 8.198678712885575e-16, 1.9604016472464744e-05, -1.595853500094808e-06, -9.358915882382905e-09, 6.779495031560574e-10]
9 [0.0, -8.975343183638732e-13, -1.9320201008236844e-13, 6.085531588592047e-11, -2.391355320180608e-10, -1.4840373236282683e-15, 7.381365598305068e-16, 2.0410581356295335e-05, -1.605880008224861e-06, -7.56447757871467e-09, 5.605561945436439e-10]
----------------------------
Train and Validation error 
2973805640407.375 3242994028906.567
1105798460989.6023 3531161105353.272
389663304421.0665 157321856034.3898
211396999245.45898 792490950904.3457
698342984161.6569 357176046743.0559
3541374493777.108 4273638240609.575
412121074761.5495 137529171805.1173
1149594613713.309 983603224941.7308
325041919590.2065 138397014253.45615
4035877526041.1455 4899785681635.925

-------------------NEW GENERATION-------------
[0.0, -9.068610428377679e-13, -2.0177041708200102e-13, 6.67044277049815e-11, -2.3695653002501474e-10, -1.6554584050954103e-15, 8.269194202689005e-16, 2.1302380263964797e-05, -1.595853500094808e-06, -8.92221324367816e-09, 6.465828609771768e-10]

[0.0, -9.962007711570887e-13, -1.9779362392137645e-13, 6.425930917711912e-11, -2.4371287073732475e-10, -1.7896001047437552e-15, 8.198678712885575e-16, 1.9604016472464744e-05, -1.595853500094808e-06, -9.358915882382905e-09, 6.779495031560574e-10]

[0.0, -9.22876214247506e-13, -1.6904440902985864e-13, 6.573021346989768e-11, -2.3466582340912327e-10, -1.5479317582510216e-15, 8.491714649627688e-16, 2.1302380263964797e-05, -1.6009036643646718e-06, -8.81716855581831e-09, 6.465828609771768e-10]

[0.0, -9.939749853091985e-13, -1.912615324335198e-13, 6.352299893054566e-11, -2.4242605944092613e-10, -1.5163497884261782e-15, 8.983733998362648e-16, 2.1302380263964797e-05, -1.503496544840548e-06, -9.003759868365927e-09, 6.090271732301919e-10]

[0.0, -9.962007711570887e-13, -1.815894535645547e-13, 6.729357775905108e-11, -2.3466582340912327e-10, -1.419635410421825e-15, 7.955860232471894e-16, 1.8854458500331346e-05, -1.4902050313202793e-06, -7.56447757871467e-09, 5.78274369907528e-10]

[0.0, -9.962007711570887e-13, -1.815894535645547e-13, 6.729357775905108e-11, -2.3466582340912327e-10, -1.8077599630821865e-15, 8.644706639490757e-16, 2.056591248596816e-05, -1.5205359728450479e-06, -8.891611336000657e-09, 6.16347640238407e-10]

[0.0, -1.1038721025601042e-12, -2.2903732311820674e-13, 6.020155594641691e-11, -2.2545619863768215e-10, -1.4070010777015163e-15, 7.63234802737985e-16, 1.9141913484235488e-05, -1.524361611403536e-06, -8.5522192241586e-09, 5.977384981792981e-10]

[0.0, -9.20062878580426e-13, -2.0461025024540843e-13, 6.67044277049815e-11, -2.2895968588295856e-10, -1.5388097250031802e-15, 7.955860232471894e-16, 1.8854458500331346e-05, -1.497443763486949e-06, -7.254815581859479e-09, 6.249608188353305e-10]

[0.0, -9.844111819022108e-13, -2.2417456539187282e-13, 6.34535976645246e-11, -2.104009492643354e-10, -1.5614224000695921e-15, 7.786070211771662e-16, 1.9215514924722627e-05, -1.5972380177790485e-06, -8.282088594515319e-09, 7.027343627624081e-10]

[0.0, -1.0390572301408651e-12, -2.1215728590846954e-13, 6.591673930696556e-11, -2.4999344253528077e-10, -1.4960834560217512e-15, 7.661505460601176e-16, 1.92336830828794e-05, -1.6311065847483372e-06, -8.951094208853281e-09, 6.470061529348415e-10]

--------------------GENERATION ENDED-------------


Genetation iteration  1
--- Initial Population ----
[0.0, -8.858794544173123e-13, -2.0986198305727257e-13, 6.670162765346085e-11, -2.53697110972386e-10, -1.52810576600393e-15, 8.718476586511448e-16, 2.2641786447783214e-05, -1.500220468312287e-06, -8.055584448649262e-09, 6.458603075726484e-10]

[0.0, -9.962007711570887e-13, -1.9779362392137645e-13, 6.030267296562482e-11, -2.486455216484032e-10, -1.6262398487948633e-15, 7.708824205843872e-16, 1.9604016472464744e-05, -1.670996540941947e-06, -9.358915882382905e-09, 6.779495031560574e-10]

[0.0, -9.22876214247506e-13, -1.6783514130166266e-13, 6.573021346989768e-11, -2.1457202019095497e-10, -1.5479317582510216e-15, 8.195643697127532e-16, 2.240159831130624e-05, -1.607099242920228e-06, -9.43907083122393e-09, 6.465828609771768e-10]

[0.0, -1.0259142177347806e-12, -1.7984979686189503e-13, 5.867895090228696e-11, -2.3492787994340306e-10, -1.5928693117964474e-15, 8.983733998362648e-16, 2.1302380263964797e-05, -1.4727265651325183e-06, -8.915152315429014e-09, 6.090271732301919e-10]

[0.0, -1.0253965495720072e-12, -1.8501398979997402e-13, 6.661380572916981e-11, -2.4250483706834695e-10, -1.2894220742446144e-15, 7.666080698403578e-16, 1.8854458500331346e-05, -1.4374475523234858e-06, -6.8845025906789165e-09, 5.641985334155313e-10]

[0.0, -9.614855739604846e-13, -1.815894535645547e-13, 6.987069075031762e-11, -2.3466582340912327e-10, -1.6719352316846507e-15, 9.132717310275146e-16, 2.1881146071454448e-05, -1.4762258502474123e-06, -8.891611336000657e-09, 6.16347640238407e-10]

[0.0, -1.2129900414726293e-12, -2.2903732311820674e-13, 6.020155594641691e-11, -2.0832117212901375e-10, -1.5132457183629194e-15, 6.93525392549313e-16, 1.879587449117996e-05, -1.460961957996064e-06, -8.5522192241586e-09, 5.929136509666161e-10]

[0.0, -9.791300323388245e-13, -1.9179101374456802e-13, 7.295591485929946e-11, -2.1481284137344492e-10, -1.443515167802842e-15, 8.214770969236093e-16, 1.9281780639726886e-05, -1.4826140184247138e-06, -7.254815581859479e-09, 6.356758603477336e-10]

[0.0, -1.0587564217259474e-12, -2.2417456539187282e-13, 6.34535976645246e-11, -2.2049533622174294e-10, -1.5103438138797e-15, 7.421089096217172e-16, 2.063902332049781e-05, -1.6183596912584092e-06, -8.169313501373895e-09, 6.924292594319115e-10]

[0.0, -9.81930836573498e-13, -2.2227562198129716e-13, 6.346538194421242e-11, -2.6206836807563274e-10, -1.4509151786976863e-15, 7.661505460601176e-16, 1.8176281143343998e-05, -1.77471973322325e-06, -9.079167804720065e-09, 6.3011405227695e-10]

----------------------------
Train and Validation error 
1244225664292.6567 3803333771603.0015
1186281811535.3274 1001083496208.9841
558738728382.6238 226804513779.76862
223269209912.21588 239111408477.3072
218480892744.1821 137776878931.4891
215355813567.81738 505592517083.7538
597248820520.8302 332966310679.50323
673286457106.2512 2313487237459.3335
429788865714.99835 1521525649833.5515
9339858120442.285 14321197013723.975
After Selection (Parents Selected) 
[0.0, -1.0259142177347806e-12, -1.7984979686189503e-13, 5.867895090228696e-11, -2.3492787994340306e-10, -1.5928693117964474e-15, 8.983733998362648e-16, 2.1302380263964797e-05, -1.4727265651325183e-06, -8.915152315429014e-09, 6.090271732301919e-10]
[0.0, -1.0253965495720072e-12, -1.8501398979997402e-13, 6.661380572916981e-11, -2.4250483706834695e-10, -1.2894220742446144e-15, 7.666080698403578e-16, 1.8854458500331346e-05, -1.4374475523234858e-06, -6.8845025906789165e-09, 5.641985334155313e-10]
----------------------------
---After Crossover----
0 [0.0, -1.0259142177347806e-12, -1.7984979686189503e-13, 5.867895090228696e-11, -2.3492787994340306e-10, -1.2894220742446144e-15, 7.666080698403578e-16, 1.8854458500331346e-05, -1.4374475523234858e-06, -6.8845025906789165e-09, 5.641985334155313e-10]
1 [0.0, -1.0253965495720072e-12, -1.8501398979997402e-13, 6.661380572916981e-11, -2.4250483706834695e-10, -1.5928693117964474e-15, 8.983733998362648e-16, 2.1302380263964797e-05, -1.4727265651325183e-06, -8.915152315429014e-09, 6.090271732301919e-10]
2 [0.0, -1.0259142177347806e-12, -1.7984979686189503e-13, 5.867895090228696e-11, -2.3492787994340306e-10, -1.2894220742446144e-15, 7.666080698403578e-16, 1.8854458500331346e-05, -1.4374475523234858e-06, -6.8845025906789165e-09, 5.641985334155313e-10]
3 [0.0, -1.0253965495720072e-12, -1.8501398979997402e-13, 6.661380572916981e-11, -2.4250483706834695e-10, -1.5928693117964474e-15, 8.983733998362648e-16, 2.1302380263964797e-05, -1.4727265651325183e-06, -8.915152315429014e-09, 6.090271732301919e-10]
4 [0.0, -1.0259142177347806e-12, -1.7984979686189503e-13, 5.867895090228696e-11, -2.3492787994340306e-10, -1.2894220742446144e-15, 7.666080698403578e-16, 1.8854458500331346e-05, -1.4374475523234858e-06, -6.8845025906789165e-09, 5.641985334155313e-10]
5 [0.0, -1.0253965495720072e-12, -1.8501398979997402e-13, 6.661380572916981e-11, -2.4250483706834695e-10, -1.5928693117964474e-15, 8.983733998362648e-16, 2.1302380263964797e-05, -1.4727265651325183e-06, -8.915152315429014e-09, 6.090271732301919e-10]
6 [0.0, -1.0259142177347806e-12, -1.7984979686189503e-13, 5.867895090228696e-11, -2.3492787994340306e-10, -1.2894220742446144e-15, 7.666080698403578e-16, 1.8854458500331346e-05, -1.4374475523234858e-06, -6.8845025906789165e-09, 5.641985334155313e-10]
7 [0.0, -1.0253965495720072e-12, -1.8501398979997402e-13, 6.661380572916981e-11, -2.4250483706834695e-10, -1.5928693117964474e-15, 8.983733998362648e-16, 2.1302380263964797e-05, -1.4727265651325183e-06, -8.915152315429014e-09, 6.090271732301919e-10]
8 [0.0, -1.0259142177347806e-12, -1.7984979686189503e-13, 5.867895090228696e-11, -2.3492787994340306e-10, -1.2894220742446144e-15, 7.666080698403578e-16, 1.8854458500331346e-05, -1.4374475523234858e-06, -6.8845025906789165e-09, 5.641985334155313e-10]
9 [0.0, -1.0253965495720072e-12, -1.8501398979997402e-13, 6.661380572916981e-11, -2.4250483706834695e-10, -1.5928693117964474e-15, 8.983733998362648e-16, 2.1302380263964797e-05, -1.4727265651325183e-06, -8.915152315429014e-09, 6.090271732301919e-10]
----------------------------
----After Mutation--- 
0 [0.0, -1.0861953729028737e-12, -1.8203586741098542e-13, 5.867895090228696e-11, -2.3492787994340306e-10, -1.413359824234822e-15, 7.666080698403578e-16, 1.9454907013073986e-05, -1.3154413539658525e-06, -6.910964885397705e-09, 5.650424998096888e-10]
1 [0.0, -1.0815397662581109e-12, -1.8956112818094738e-13, 6.993076224857841e-11, -2.4588247712322766e-10, -1.4439317336171786e-15, 8.983733998362648e-16, 2.207512211107967e-05, -1.3362248644007904e-06, -8.331444174025043e-09, 6.090271732301919e-10]
2 [0.0, -9.235409319575737e-13, -1.7516825883235821e-13, 5.535181588144776e-11, -2.4044244278919234e-10, -1.351151357057852e-15, 8.109423162293366e-16, 1.8854458500331346e-05, -1.4374475523234858e-06, -7.008403592792564e-09, 5.910061776526405e-10]
3 [0.0, -9.321162625370769e-13, -1.6688721983069528e-13, 6.171711272797523e-11, -2.4250483706834695e-10, -1.5021100026539544e-15, 8.929566258589938e-16, 2.3240722340426746e-05, -1.365580902948212e-06, -8.474689069178223e-09, 6.090271732301919e-10]
4 [0.0, -1.0259142177347806e-12, -1.846852451827855e-13, 5.782572975792892e-11, -2.540568462997503e-10, -1.409029504345224e-15, 7.126557046515765e-16, 2.0636284052304336e-05, -1.5778235251936364e-06, -7.216121541585062e-09, 5.641985334155313e-10]
5 [0.0, -1.093825735322899e-12, -1.9495813836247465e-13, 7.265027224919925e-11, -2.3321463397425797e-10, -1.4568416663719641e-15, 9.688186308075006e-16, 2.1295991944239437e-05, -1.4708041505013012e-06, -8.913449678139161e-09, 6.621863909591731e-10]
6 [0.0, -9.541111160165943e-13, -1.6822982538149932e-13, 5.867895090228696e-11, -2.5233396265517993e-10, -1.339941330260042e-15, 8.138099502158221e-16, 1.9395582549925528e-05, -1.5316405058743732e-06, -6.581742070448518e-09, 5.641985334155313e-10]
7 [0.0, -9.523637815427383e-13, -2.0174597770945748e-13, 6.003096574922673e-11, -2.634824224408678e-10, -1.6522830401800961e-15, 8.826461953115489e-16, 1.974698350822125e-05, -1.5383700849830242e-06, -8.356858709819252e-09, 6.694805297286494e-10]
8 [0.0, -1.0326572748952457e-12, -1.8615242809294542e-13, 5.867895090228696e-11, -2.2203985961079804e-10, -1.3910008615774394e-15, 8.396450127297096e-16, 2.00904717591765e-05, -1.4374475523234858e-06, -6.9481384900318994e-09, 5.238197769418205e-10]
9 [0.0, -9.507479117445122e-13, -1.8218089637138903e-13, 6.03855088351499e-11, -2.29286110673015e-10, -1.5928693117964474e-15, 8.166713470369745e-16, 2.2013905091337714e-05, -1.456687550069617e-06, -8.280026500714575e-09, 6.090271732301919e-10]
----------------------------
Train and Validation error 
1053204419683.1531 3424765500456.7324
2524853288323.034 7138951975645.9795
222673037489.33282 810843723725.0774
2143435434228.425 6229331649977.706
2169972409599.1953 2112075915956.7742
1213475352564.0122 3824776878335.4873
995548541912.4127 641326270197.8258
327289549020.22766 1354790953537.7988
1133400308006.8557 792550180478.8561
366000604201.86426 1279016783954.8093

-------------------NEW GENERATION-------------
[0.0, -1.0253965495720072e-12, -1.8501398979997402e-13, 6.661380572916981e-11, -2.4250483706834695e-10, -1.2894220742446144e-15, 7.666080698403578e-16, 1.8854458500331346e-05, -1.4374475523234858e-06, -6.8845025906789165e-09, 5.641985334155313e-10]

[0.0, -1.0259142177347806e-12, -1.7984979686189503e-13, 5.867895090228696e-11, -2.3492787994340306e-10, -1.5928693117964474e-15, 8.983733998362648e-16, 2.1302380263964797e-05, -1.4727265651325183e-06, -8.915152315429014e-09, 6.090271732301919e-10]

[0.0, -9.22876214247506e-13, -1.6783514130166266e-13, 6.573021346989768e-11, -2.1457202019095497e-10, -1.5479317582510216e-15, 8.195643697127532e-16, 2.240159831130624e-05, -1.607099242920228e-06, -9.43907083122393e-09, 6.465828609771768e-10]

[0.0, -9.614855739604846e-13, -1.815894535645547e-13, 6.987069075031762e-11, -2.3466582340912327e-10, -1.6719352316846507e-15, 9.132717310275146e-16, 2.1881146071454448e-05, -1.4762258502474123e-06, -8.891611336000657e-09, 6.16347640238407e-10]

[0.0, -1.2129900414726293e-12, -2.2903732311820674e-13, 6.020155594641691e-11, -2.0832117212901375e-10, -1.5132457183629194e-15, 6.93525392549313e-16, 1.879587449117996e-05, -1.460961957996064e-06, -8.5522192241586e-09, 5.929136509666161e-10]

[0.0, -9.235409319575737e-13, -1.7516825883235821e-13, 5.535181588144776e-11, -2.4044244278919234e-10, -1.351151357057852e-15, 8.109423162293366e-16, 1.8854458500331346e-05, -1.4374475523234858e-06, -7.008403592792564e-09, 5.910061776526405e-10]

[0.0, -9.541111160165943e-13, -1.6822982538149932e-13, 5.867895090228696e-11, -2.5233396265517993e-10, -1.339941330260042e-15, 8.138099502158221e-16, 1.9395582549925528e-05, -1.5316405058743732e-06, -6.581742070448518e-09, 5.641985334155313e-10]

[0.0, -1.0326572748952457e-12, -1.8615242809294542e-13, 5.867895090228696e-11, -2.2203985961079804e-10, -1.3910008615774394e-15, 8.396450127297096e-16, 2.00904717591765e-05, -1.4374475523234858e-06, -6.9481384900318994e-09, 5.238197769418205e-10]

[0.0, -9.507479117445122e-13, -1.8218089637138903e-13, 6.03855088351499e-11, -2.29286110673015e-10, -1.5928693117964474e-15, 8.166713470369745e-16, 2.2013905091337714e-05, -1.456687550069617e-06, -8.280026500714575e-09, 6.090271732301919e-10]

[0.0, -9.523637815427383e-13, -2.0174597770945748e-13, 6.003096574922673e-11, -2.634824224408678e-10, -1.6522830401800961e-15, 8.826461953115489e-16, 1.974698350822125e-05, -1.5383700849830242e-06, -8.356858709819252e-09, 6.694805297286494e-10]

--------------------GENERATION ENDED-------------


Genetation iteration  2
--- Initial Population ----
[0.0, -1.0324397892639635e-12, -1.9180799265562667e-13, 6.161327726726991e-11, -2.5550235709452775e-10, -1.4041050110682348e-15, 7.666080698403578e-16, 2.053077545846761e-05, -1.494142075049993e-06, -7.338744942818747e-09, 5.523811184031796e-10]

[0.0, -1.0838130866094936e-12, -1.651611105317152e-13, 5.867895090228696e-11, -2.1530386526264915e-10, -1.6657475148551089e-15, 9.263597375615627e-16, 1.9892919535752367e-05, -1.4689123016523414e-06, -8.915152315429014e-09, 5.517121576101454e-10]

[0.0, -9.54597361449283e-13, -1.760477591250948e-13, 7.148482276745464e-11, -2.3051006396051508e-10, -1.5479317582510216e-15, 8.380809034935805e-16, 2.164358255344324e-05, -1.607099242920228e-06, -9.43907083122393e-09, 6.465828609771768e-10]

[0.0, -1.0211389886034753e-12, -1.7985562280070268e-13, 7.126411212013257e-11, -2.3700401523008546e-10, -1.6719352316846507e-15, 9.598465128920986e-16, 2.2690812165426987e-05, -1.4361205414172853e-06, -8.891611336000657e-09, 6.16347640238407e-10]

[0.0, -1.2474810958495515e-12, -2.1643882572649408e-13, 5.6431546451278594e-11, -1.9242465326836077e-10, -1.3947028355462835e-15, 6.438027528362573e-16, 2.0072113701289564e-05, -1.4547509111669724e-06, -8.02412774498899e-09, 5.818827097833897e-10]

[0.0, -8.598947506348011e-13, -1.7516825883235821e-13, 5.4485368268507944e-11, -2.442061301893659e-10, -1.3746566932866414e-15, 7.622261021313513e-16, 1.9453843978817126e-05, -1.4187430589550163e-06, -7.173692701613983e-09, 5.738466126791842e-10]

[0.0, -9.652854194851606e-13, -1.6168021419090408e-13, 5.867895090228696e-11, -2.5718298177459593e-10, -1.4062232529302096e-15, 8.8026715234692265e-16, 1.854257197163338e-05, -1.550915927913058e-06, -6.352691748068354e-09, 6.053751758536291e-10]

[0.0, -1.018025629607927e-12, -2.0188328389263182e-13, 5.424764081042378e-11, -2.043934006015809e-10, -1.4403767567819521e-15, 7.670763110660409e-16, 1.881569988839443e-05, -1.426939677305068e-06, -6.9481384900318994e-09, 5.567400649800356e-10]

[0.0, -1.023743306779745e-12, -1.713608452691696e-13, 6.03855088351499e-11, -2.3097120410222518e-10, -1.5802854415959245e-15, 8.166713470369745e-16, 2.367609438511705e-05, -1.3940958321761945e-06, -8.286502517061411e-09, 6.358638061015332e-10]

[0.0, -9.633119453255617e-13, -2.145998038369879e-13, 5.906747306530522e-11, -2.4213475697827053e-10, -1.7804398132092284e-15, 9.013192380834788e-16, 2.0360005250850297e-05, -1.5952210868892472e-06, -8.042130414636842e-09, 6.536018564987952e-10]

----------------------------
Train and Validation error 
1127920879288.6812 781947474002.0662
2986072355616.1304 3325454242125.362
720164807852.6558 393332954239.0077
511065597780.99414 1864856402478.0298
279231261547.0209 131260437060.09221
185849915707.14337 511592279847.98193
266346930411.8963 105605508419.0176
351368753487.53357 149529361783.01178
3541240613224.9775 9606524066035.664
265651377907.48862 188038100392.10483
After Selection (Parents Selected) 
[0.0, -1.2474810958495515e-12, -2.1643882572649408e-13, 5.6431546451278594e-11, -1.9242465326836077e-10, -1.3947028355462835e-15, 6.438027528362573e-16, 2.0072113701289564e-05, -1.4547509111669724e-06, -8.02412774498899e-09, 5.818827097833897e-10]
[0.0, -9.652854194851606e-13, -1.6168021419090408e-13, 5.867895090228696e-11, -2.5718298177459593e-10, -1.4062232529302096e-15, 8.8026715234692265e-16, 1.854257197163338e-05, -1.550915927913058e-06, -6.352691748068354e-09, 6.053751758536291e-10]
----------------------------
---After Crossover----
0 [0.0, -1.2474810958495515e-12, -2.1643882572649408e-13, 5.6431546451278594e-11, -1.9242465326836077e-10, -1.4062232529302096e-15, 8.8026715234692265e-16, 1.854257197163338e-05, -1.550915927913058e-06, -6.352691748068354e-09, 6.053751758536291e-10]
1 [0.0, -9.652854194851606e-13, -1.6168021419090408e-13, 5.867895090228696e-11, -2.5718298177459593e-10, -1.3947028355462835e-15, 6.438027528362573e-16, 2.0072113701289564e-05, -1.4547509111669724e-06, -8.02412774498899e-09, 5.818827097833897e-10]
2 [0.0, -1.2474810958495515e-12, -2.1643882572649408e-13, 5.6431546451278594e-11, -1.9242465326836077e-10, -1.4062232529302096e-15, 8.8026715234692265e-16, 1.854257197163338e-05, -1.550915927913058e-06, -6.352691748068354e-09, 6.053751758536291e-10]
3 [0.0, -9.652854194851606e-13, -1.6168021419090408e-13, 5.867895090228696e-11, -2.5718298177459593e-10, -1.3947028355462835e-15, 6.438027528362573e-16, 2.0072113701289564e-05, -1.4547509111669724e-06, -8.02412774498899e-09, 5.818827097833897e-10]
4 [0.0, -1.2474810958495515e-12, -2.1643882572649408e-13, 5.6431546451278594e-11, -1.9242465326836077e-10, -1.4062232529302096e-15, 8.8026715234692265e-16, 1.854257197163338e-05, -1.550915927913058e-06, -6.352691748068354e-09, 6.053751758536291e-10]
5 [0.0, -9.652854194851606e-13, -1.6168021419090408e-13, 5.867895090228696e-11, -2.5718298177459593e-10, -1.3947028355462835e-15, 6.438027528362573e-16, 2.0072113701289564e-05, -1.4547509111669724e-06, -8.02412774498899e-09, 5.818827097833897e-10]
6 [0.0, -1.2474810958495515e-12, -2.1643882572649408e-13, 5.6431546451278594e-11, -1.9242465326836077e-10, -1.4062232529302096e-15, 8.8026715234692265e-16, 1.854257197163338e-05, -1.550915927913058e-06, -6.352691748068354e-09, 6.053751758536291e-10]
7 [0.0, -9.652854194851606e-13, -1.6168021419090408e-13, 5.867895090228696e-11, -2.5718298177459593e-10, -1.3947028355462835e-15, 6.438027528362573e-16, 2.0072113701289564e-05, -1.4547509111669724e-06, -8.02412774498899e-09, 5.818827097833897e-10]
8 [0.0, -1.2474810958495515e-12, -2.1643882572649408e-13, 5.6431546451278594e-11, -1.9242465326836077e-10, -1.4062232529302096e-15, 8.8026715234692265e-16, 1.854257197163338e-05, -1.550915927913058e-06, -6.352691748068354e-09, 6.053751758536291e-10]
9 [0.0, -9.652854194851606e-13, -1.6168021419090408e-13, 5.867895090228696e-11, -2.5718298177459593e-10, -1.3947028355462835e-15, 6.438027528362573e-16, 2.0072113701289564e-05, -1.4547509111669724e-06, -8.02412774498899e-09, 5.818827097833897e-10]
----------------------------
----After Mutation--- 
0 [0.0, -1.2474810958495515e-12, -2.1643882572649408e-13, 5.606256330435441e-11, -2.0785454671566156e-10, -1.4653333968751615e-15, 7.936498278490808e-16, 1.840264762520231e-05, -1.6985772210546309e-06, -6.457117551691675e-09, 5.901488466330658e-10]
1 [0.0, -9.978896368659882e-13, -1.6168021419090408e-13, 5.867895090228696e-11, -2.408170361779102e-10, -1.311029721721668e-15, 6.00119329788374e-16, 1.992354918194381e-05, -1.4547509111669724e-06, -7.570995919918932e-09, 6.310859397935025e-10]
2 [0.0, -1.223170994164313e-12, -2.272940709464593e-13, 5.6431546451278594e-11, -1.8838605414964836e-10, -1.4062232529302096e-15, 8.907295601586339e-16, 1.854257197163338e-05, -1.6307670062420167e-06, -6.687846909503307e-09, 6.133772106965111e-10]
3 [0.0, -9.452304997971308e-13, -1.5621757018428582e-13, 5.907758022394177e-11, -2.7823490629825874e-10, -1.3588875353913676e-15, 6.553324128519305e-16, 2.0072113701289564e-05, -1.3555727960150952e-06, -8.366617967035308e-09, 5.818827097833897e-10]
4 [0.0, -1.176468456369139e-12, -2.022793380666482e-13, 5.1647182342820474e-11, -1.7512245053688185e-10, -1.399916313397041e-15, 9.37608840574238e-16, 1.8886507780332784e-05, -1.550915927913058e-06, -6.707413056033418e-09, 5.534296693980035e-10]
5 [0.0, -9.57610652006113e-13, -1.7683218861856487e-13, 6.340645458055795e-11, -2.5718298177459593e-10, -1.3947028355462835e-15, 6.800356659236745e-16, 1.9366268685038168e-05, -1.4547509111669724e-06, -8.600436494218166e-09, 5.634780642587904e-10]
6 [0.0, -1.1539839527085366e-12, -2.168890389145492e-13, 5.6431546451278594e-11, -1.908313285322394e-10, -1.5320230949834071e-15, 8.871286420481712e-16, 1.701483949669782e-05, -1.6981635958945704e-06, -6.965675544605307e-09, 6.426274632829981e-10]
7 [0.0, -9.017749534041125e-13, -1.705781574804127e-13, 5.445385840677295e-11, -2.5718298177459593e-10, -1.3682609339928133e-15, 6.438027528362573e-16, 2.0832187353670816e-05, -1.329493152488719e-06, -8.471314078578101e-09, 5.937740415261955e-10]
8 [0.0, -1.3208007073437856e-12, -2.0933851328367272e-13, 5.3269731061751974e-11, -1.9242465326836077e-10, -1.522918321896734e-15, 8.8026715234692265e-16, 1.7400506666120398e-05, -1.453163989212173e-06, -6.175370684762628e-09, 5.865105724022384e-10]
9 [0.0, -9.626523347716054e-13, -1.6072858153235074e-13, 5.913378754329759e-11, -2.5718298177459593e-10, -1.3609568250895007e-15, 6.274686952052198e-16, 1.9650347866404824e-05, -1.3121777756987627e-06, -8.582423849540356e-09, 5.322023827640446e-10]
----------------------------
Train and Validation error 
4375552416165.3555 5542710333724.926
1006822058465.4377 3165295221609.03
1128411379017.8677 838671363980.699
341249311733.962 1348162259474.9639
2351181331173.5435 2464096348152.8022
1360422163366.2583 1224683967933.06
2162123717152.4253 2349297356355.4155
1190339728612.0571 3787756326059.032
169095207264.35736 416800146228.23346
329098810610.9829 192456417214.1855

-------------------NEW GENERATION-------------
[0.0, -9.652854194851606e-13, -1.6168021419090408e-13, 5.867895090228696e-11, -2.5718298177459593e-10, -1.4062232529302096e-15, 8.8026715234692265e-16, 1.854257197163338e-05, -1.550915927913058e-06, -6.352691748068354e-09, 6.053751758536291e-10]

[0.0, -1.2474810958495515e-12, -2.1643882572649408e-13, 5.6431546451278594e-11, -1.9242465326836077e-10, -1.3947028355462835e-15, 6.438027528362573e-16, 2.0072113701289564e-05, -1.4547509111669724e-06, -8.02412774498899e-09, 5.818827097833897e-10]

[0.0, -9.626523347716054e-13, -1.6072858153235074e-13, 5.913378754329759e-11, -2.5718298177459593e-10, -1.3609568250895007e-15, 6.274686952052198e-16, 1.9650347866404824e-05, -1.3121777756987627e-06, -8.582423849540356e-09, 5.322023827640446e-10]

[0.0, -9.633119453255617e-13, -2.145998038369879e-13, 5.906747306530522e-11, -2.4213475697827053e-10, -1.7804398132092284e-15, 9.013192380834788e-16, 2.0360005250850297e-05, -1.5952210868892472e-06, -8.042130414636842e-09, 6.536018564987952e-10]

[0.0, -1.018025629607927e-12, -2.0188328389263182e-13, 5.424764081042378e-11, -2.043934006015809e-10, -1.4403767567819521e-15, 7.670763110660409e-16, 1.881569988839443e-05, -1.426939677305068e-06, -6.9481384900318994e-09, 5.567400649800356e-10]

[0.0, -1.3208007073437856e-12, -2.0933851328367272e-13, 5.3269731061751974e-11, -1.9242465326836077e-10, -1.522918321896734e-15, 8.8026715234692265e-16, 1.7400506666120398e-05, -1.453163989212173e-06, -6.175370684762628e-09, 5.865105724022384e-10]

[0.0, -8.598947506348011e-13, -1.7516825883235821e-13, 5.4485368268507944e-11, -2.442061301893659e-10, -1.3746566932866414e-15, 7.622261021313513e-16, 1.9453843978817126e-05, -1.4187430589550163e-06, -7.173692701613983e-09, 5.738466126791842e-10]

[0.0, -9.54597361449283e-13, -1.760477591250948e-13, 7.148482276745464e-11, -2.3051006396051508e-10, -1.5479317582510216e-15, 8.380809034935805e-16, 2.164358255344324e-05, -1.607099242920228e-06, -9.43907083122393e-09, 6.465828609771768e-10]

[0.0, -1.223170994164313e-12, -2.272940709464593e-13, 5.6431546451278594e-11, -1.8838605414964836e-10, -1.4062232529302096e-15, 8.907295601586339e-16, 1.854257197163338e-05, -1.6307670062420167e-06, -6.687846909503307e-09, 6.133772106965111e-10]

[0.0, -9.452304997971308e-13, -1.5621757018428582e-13, 5.907758022394177e-11, -2.7823490629825874e-10, -1.3588875353913676e-15, 6.553324128519305e-16, 2.0072113701289564e-05, -1.3555727960150952e-06, -8.366617967035308e-09, 5.818827097833897e-10]

--------------------GENERATION ENDED-------------


Genetation iteration  3
--- Initial Population ----
[0.0, -9.552528381658293e-13, -1.4844025161792097e-13, 5.402577920147301e-11, -2.488443607591825e-10, -1.2664056705508144e-15, 8.8026715234692265e-16, 1.7739492571119964e-05, -1.56544604863032e-06, -6.457314255378098e-09, 6.255497670889306e-10]

[0.0, -1.1262289102771952e-12, -2.0976823203152204e-13, 5.80031525707905e-11, -2.111960569825312e-10, -1.5181739376128908e-15, 6.620201029771163e-16, 2.1778768104179775e-05, -1.5879498245917937e-06, -8.776251842560252e-09, 6.05521754039258e-10]

[0.0, -9.626523347716054e-13, -1.468643267589676e-13, 5.413047320971116e-11, -2.4073260211352056e-10, -1.3609568250895007e-15, 5.807280464302561e-16, 1.9973335242620414e-05, -1.2162950963180722e-06, -8.304149536000021e-09, 5.413973820525086e-10]

[0.0, -9.751337072604127e-13, -2.0910971085278377e-13, 6.152115020782788e-11, -2.5949596003862983e-10, -1.815007173940722e-15, 8.482437410661756e-16, 2.092733521823461e-05, -1.7442179449412868e-06, -8.042130414636842e-09, 6.589664661850302e-10]

[0.0, -9.71093617143528e-13, -2.093586835201166e-13, 4.9693928959638005e-11, -1.9782910694412184e-10, -1.3561926102449206e-15, 7.369551009190703e-16, 1.8656851871026873e-05, -1.5587910646795775e-06, -6.399410167936601e-09, 5.567400649800356e-10]

[0.0, -1.4526921052465931e-12, -2.0493166755680272e-13, 5.6968709137006276e-11, -1.7833254871423354e-10, -1.621669188793355e-15, 8.8026715234692265e-16, 1.8101058017388892e-05, -1.453163989212173e-06, -6.348418422789936e-09, 5.364147259284071e-10]

[0.0, -9.283685997470778e-13, -1.8144621674625954e-13, 5.7800872441034805e-11, -2.2216255201653468e-10, -1.4875548572638e-15, 7.622261021313513e-16, 1.9453843978817126e-05, -1.330303452414657e-06, -6.7322001633056944e-09, 5.675400376181421e-10]

[0.0, -8.61482486395537e-13, -1.760477591250948e-13, 6.969995938627986e-11, -2.347884623602385e-10, -1.5426707617364585e-15, 8.380809034935805e-16, 2.3381728802155617e-05, -1.7245154511447586e-06, -9.43907083122393e-09, 6.256050246604584e-10]

[0.0, -1.318947072720505e-12, -2.272940709464593e-13, 5.6629986197699586e-11, -2.0415901673546954e-10, -1.3068111025640656e-15, 9.116461502293562e-16, 1.6925586226563754e-05, -1.6886204773607419e-06, -6.866140891583247e-09, 5.751521165921043e-10]

[0.0, -8.756592636247054e-13, -1.5621757018428582e-13, 5.907758022394177e-11, -2.6130887358983904e-10, -1.3588875353913676e-15, 6.349639205602226e-16, 1.8237911237096218e-05, -1.458491696323889e-06, -8.366617967035308e-09, 5.405149551595631e-10]

----------------------------
Train and Validation error 
151735239616.1781 168379918113.36285
1465514977791.9243 1202090392388.8928
899938472337.2864 3049573055126.208
2215250916345.5415 2045653859751.698
2033589401506.6985 2021124774938.3386
1324236193355.5798 999152716225.9938
988688220773.3375 3270423599985.2236
4018323463423.785 4815225455373.341
7029999256654.282 10315526170867.797
3060645921571.7026 3736813343455.379
After Selection (Parents Selected) 
[0.0, -1.4526921052465931e-12, -2.0493166755680272e-13, 5.6968709137006276e-11, -1.7833254871423354e-10, -1.621669188793355e-15, 8.8026715234692265e-16, 1.8101058017388892e-05, -1.453163989212173e-06, -6.348418422789936e-09, 5.364147259284071e-10]
[0.0, -9.552528381658293e-13, -1.4844025161792097e-13, 5.402577920147301e-11, -2.488443607591825e-10, -1.2664056705508144e-15, 8.8026715234692265e-16, 1.7739492571119964e-05, -1.56544604863032e-06, -6.457314255378098e-09, 6.255497670889306e-10]
----------------------------
---After Crossover----
0 [0.0, -1.4526921052465931e-12, -2.0493166755680272e-13, 5.6968709137006276e-11, -1.7833254871423354e-10, -1.2664056705508144e-15, 8.8026715234692265e-16, 1.7739492571119964e-05, -1.56544604863032e-06, -6.457314255378098e-09, 6.255497670889306e-10]
1 [0.0, -9.552528381658293e-13, -1.4844025161792097e-13, 5.402577920147301e-11, -2.488443607591825e-10, -1.621669188793355e-15, 8.8026715234692265e-16, 1.8101058017388892e-05, -1.453163989212173e-06, -6.348418422789936e-09, 5.364147259284071e-10]
2 [0.0, -1.4526921052465931e-12, -2.0493166755680272e-13, 5.6968709137006276e-11, -1.7833254871423354e-10, -1.2664056705508144e-15, 8.8026715234692265e-16, 1.7739492571119964e-05, -1.56544604863032e-06, -6.457314255378098e-09, 6.255497670889306e-10]
3 [0.0, -9.552528381658293e-13, -1.4844025161792097e-13, 5.402577920147301e-11, -2.488443607591825e-10, -1.621669188793355e-15, 8.8026715234692265e-16, 1.8101058017388892e-05, -1.453163989212173e-06, -6.348418422789936e-09, 5.364147259284071e-10]
4 [0.0, -1.4526921052465931e-12, -2.0493166755680272e-13, 5.6968709137006276e-11, -1.7833254871423354e-10, -1.2664056705508144e-15, 8.8026715234692265e-16, 1.7739492571119964e-05, -1.56544604863032e-06, -6.457314255378098e-09, 6.255497670889306e-10]
5 [0.0, -9.552528381658293e-13, -1.4844025161792097e-13, 5.402577920147301e-11, -2.488443607591825e-10, -1.621669188793355e-15, 8.8026715234692265e-16, 1.8101058017388892e-05, -1.453163989212173e-06, -6.348418422789936e-09, 5.364147259284071e-10]
6 [0.0, -1.4526921052465931e-12, -2.0493166755680272e-13, 5.6968709137006276e-11, -1.7833254871423354e-10, -1.2664056705508144e-15, 8.8026715234692265e-16, 1.7739492571119964e-05, -1.56544604863032e-06, -6.457314255378098e-09, 6.255497670889306e-10]
7 [0.0, -9.552528381658293e-13, -1.4844025161792097e-13, 5.402577920147301e-11, -2.488443607591825e-10, -1.621669188793355e-15, 8.8026715234692265e-16, 1.8101058017388892e-05, -1.453163989212173e-06, -6.348418422789936e-09, 5.364147259284071e-10]
8 [0.0, -1.4526921052465931e-12, -2.0493166755680272e-13, 5.6968709137006276e-11, -1.7833254871423354e-10, -1.2664056705508144e-15, 8.8026715234692265e-16, 1.7739492571119964e-05, -1.56544604863032e-06, -6.457314255378098e-09, 6.255497670889306e-10]
9 [0.0, -9.552528381658293e-13, -1.4844025161792097e-13, 5.402577920147301e-11, -2.488443607591825e-10, -1.621669188793355e-15, 8.8026715234692265e-16, 1.8101058017388892e-05, -1.453163989212173e-06, -6.348418422789936e-09, 5.364147259284071e-10]
----------------------------
----After Mutation--- 
0 [0.0, -1.4474719274401394e-12, -2.0493166755680272e-13, 6.148991129316875e-11, -1.6131211836507785e-10, -1.164396434643857e-15, 8.8026715234692265e-16, 1.5983449975413734e-05, -1.4906283153595154e-06, -6.457314255378098e-09, 6.255497670889306e-10]
1 [0.0, -9.552528381658293e-13, -1.5767579878594207e-13, 5.5937443288049745e-11, -2.557720790560684e-10, -1.621669188793355e-15, 9.255498584090595e-16, 1.710698985836834e-05, -1.5320369179505612e-06, -6.348418422789936e-09, 5.364147259284071e-10]
2 [0.0, -1.5726448515426575e-12, -2.23939087265187e-13, 5.6968709137006276e-11, -1.8098992800099517e-10, -1.233850171192929e-15, 8.259611435049185e-16, 1.742599178728281e-05, -1.6030726639019465e-06, -6.7343676499720966e-09, 6.449363439063412e-10]
3 [0.0, -1.0404056922138104e-12, -1.430132261607923e-13, 5.583741683355295e-11, -2.488443607591825e-10, -1.762356019744061e-15, 8.104287527766551e-16, 1.743035622443304e-05, -1.3156055252780023e-06, -6.3754478056775374e-09, 5.513624257355755e-10]
4 [0.0, -1.3816570705458734e-12, -1.883114420971173e-13, 5.599183647516041e-11, -1.7376989974713392e-10, -1.381844998034765e-15, 9.6185303514202e-16, 1.7739492571119964e-05, -1.5317331107221544e-06, -6.7460308089561975e-09, 6.365341034708891e-10]
5 [0.0, -9.552528381658293e-13, -1.3950814658195907e-13, 5.2241991054042014e-11, -2.450637629109049e-10, -1.6291902844861771e-15, 8.8026715234692265e-16, 1.7361747558037142e-05, -1.453163989212173e-06, -6.348418422789936e-09, 5.168749589665037e-10]
6 [0.0, -1.5564621285472316e-12, -2.237864352543537e-13, 5.2908731709235565e-11, -1.6830513468399444e-10, -1.3096174939194793e-15, 8.3035597152344e-16, 1.602037646631e-05, -1.56544604863032e-06, -5.966716716010251e-09, 6.523404949668874e-10]
7 [0.0, -9.096731657394387e-13, -1.6081747457213578e-13, 5.5033726730752254e-11, -2.3121217670583855e-10, -1.7471921501248837e-15, 8.488994829129502e-16, 1.6608679343093313e-05, -1.3263521175728276e-06, -5.836622422761749e-09, 5.40736809381019e-10]
8 [0.0, -1.511660661391292e-12, -1.942340744420052e-13, 5.711034203796991e-11, -1.6490723518339454e-10, -1.2664056705508144e-15, 7.969767009196367e-16, 1.8698754314498853e-05, -1.4309953476443281e-06, -6.537704966046665e-09, 6.255497670889306e-10]
9 [0.0, -8.666751628681025e-13, -1.350003389961718e-13, 5.8054286431051134e-11, -2.5932479428758154e-10, -1.6504231609589732e-15, 9.443307410501868e-16, 1.8182303207578606e-05, -1.559580654200211e-06, -6.948009890048348e-09, 4.882302805306164e-10]
----------------------------
Train and Validation error 
184092477225.3925 791480900246.0094
3978425125818.6025 4828509805385.279
152409783649.03113 92903642964.43182
318734117309.11444 1250959032234.817
199499087110.4704 765428239274.0641
2783890586793.2217 2991794818760.084
234759087242.16684 922498139871.5391
224764814214.6446 688239414062.9587
1763230490845.7566 5016608835213.672
11123525513982.205 16341434576329.818

-------------------NEW GENERATION-------------
[0.0, -1.5726448515426575e-12, -2.23939087265187e-13, 5.6968709137006276e-11, -1.8098992800099517e-10, -1.233850171192929e-15, 8.259611435049185e-16, 1.742599178728281e-05, -1.6030726639019465e-06, -6.7343676499720966e-09, 6.449363439063412e-10]

[0.0, -9.552528381658293e-13, -1.4844025161792097e-13, 5.402577920147301e-11, -2.488443607591825e-10, -1.2664056705508144e-15, 8.8026715234692265e-16, 1.7739492571119964e-05, -1.56544604863032e-06, -6.457314255378098e-09, 6.255497670889306e-10]

[0.0, -9.096731657394387e-13, -1.6081747457213578e-13, 5.5033726730752254e-11, -2.3121217670583855e-10, -1.7471921501248837e-15, 8.488994829129502e-16, 1.6608679343093313e-05, -1.3263521175728276e-06, -5.836622422761749e-09, 5.40736809381019e-10]

[0.0, -1.3816570705458734e-12, -1.883114420971173e-13, 5.599183647516041e-11, -1.7376989974713392e-10, -1.381844998034765e-15, 9.6185303514202e-16, 1.7739492571119964e-05, -1.5317331107221544e-06, -6.7460308089561975e-09, 6.365341034708891e-10]

[0.0, -1.4474719274401394e-12, -2.0493166755680272e-13, 6.148991129316875e-11, -1.6131211836507785e-10, -1.164396434643857e-15, 8.8026715234692265e-16, 1.5983449975413734e-05, -1.4906283153595154e-06, -6.457314255378098e-09, 6.255497670889306e-10]

[0.0, -1.5564621285472316e-12, -2.237864352543537e-13, 5.2908731709235565e-11, -1.6830513468399444e-10, -1.3096174939194793e-15, 8.3035597152344e-16, 1.602037646631e-05, -1.56544604863032e-06, -5.966716716010251e-09, 6.523404949668874e-10]

[0.0, -1.0404056922138104e-12, -1.430132261607923e-13, 5.583741683355295e-11, -2.488443607591825e-10, -1.762356019744061e-15, 8.104287527766551e-16, 1.743035622443304e-05, -1.3156055252780023e-06, -6.3754478056775374e-09, 5.513624257355755e-10]

[0.0, -1.4526921052465931e-12, -2.0493166755680272e-13, 5.6968709137006276e-11, -1.7833254871423354e-10, -1.621669188793355e-15, 8.8026715234692265e-16, 1.8101058017388892e-05, -1.453163989212173e-06, -6.348418422789936e-09, 5.364147259284071e-10]

[0.0, -1.1262289102771952e-12, -2.0976823203152204e-13, 5.80031525707905e-11, -2.111960569825312e-10, -1.5181739376128908e-15, 6.620201029771163e-16, 2.1778768104179775e-05, -1.5879498245917937e-06, -8.776251842560252e-09, 6.05521754039258e-10]

[0.0, -9.71093617143528e-13, -2.093586835201166e-13, 4.9693928959638005e-11, -1.9782910694412184e-10, -1.3561926102449206e-15, 7.369551009190703e-16, 1.8656851871026873e-05, -1.5587910646795775e-06, -6.399410167936601e-09, 5.567400649800356e-10]

--------------------GENERATION ENDED-------------


Genetation iteration  4
--- Initial Population ----
[0.0, -1.6089809535932625e-12, -2.288941263553346e-13, 5.866690812543995e-11, -1.6715057525292233e-10, -1.2110287474236159e-15, 8.686696797670123e-16, 1.742599178728281e-05, -1.599122742392536e-06, -6.703210949409021e-09, 6.977419203266063e-10]

[0.0, -1.0323675522526882e-12, -1.531166670813603e-13, 5.402577920147301e-11, -2.488443607591825e-10, -1.2664056705508144e-15, 9.448951097273327e-16, 1.8933658577685343e-05, -1.56544604863032e-06, -6.122785199157639e-09, 6.739632414973464e-10]

[0.0, -9.198261364935259e-13, -1.6562189160368453e-13, 4.989942905041329e-11, -2.2512328721645775e-10, -1.6517109285638231e-15, 8.717117560025087e-16, 1.7127483643155148e-05, -1.4580842627800828e-06, -5.836622422761749e-09, 5.539559559779851e-10]

[0.0, -1.3816570705458734e-12, -1.943165880498964e-13, 6.13077006148064e-11, -1.6110459667040495e-10, -1.3604637247382752e-15, 9.577834546504941e-16, 1.6480283547728335e-05, -1.6143483327544096e-06, -6.7460308089561975e-09, 6.365341034708891e-10]

[0.0, -1.5167812453138353e-12, -2.051667062324275e-13, 6.52040563138029e-11, -1.6131211836507785e-10, -1.1227062827802668e-15, 9.308523087689501e-16, 1.5813206770910343e-05, -1.4316206100570595e-06, -6.457314255378098e-09, 5.64507496533645e-10]

[0.0, -1.5228410000139633e-12, -2.4596146419593526e-13, 5.0292195857510284e-11, -1.6830513468399444e-10, -1.218695263076573e-15, 8.456150874094989e-16, 1.6987716289039328e-05, -1.56544604863032e-06, -5.831469678982661e-09, 6.68471125803304e-10]

[0.0, -1.0029078073714313e-12, -1.4701041659430814e-13, 5.28340312482713e-11, -2.427530109914409e-10, -1.877810540820767e-15, 8.123502031643613e-16, 1.6347754210945072e-05, -1.1972172933547729e-06, -6.588791850305479e-09, 5.413755382393748e-10]

[0.0, -1.4526921052465931e-12, -2.213478946648396e-13, 5.807413498513737e-11, -1.6616359958490279e-10, -1.5473238982602897e-15, 8.742573996427313e-16, 1.8101058017388892e-05, -1.3961968082669462e-06, -6.348418422789936e-09, 5.826432284627602e-10]

[0.0, -1.2360098859454738e-12, -2.006499500852591e-13, 5.272634833581158e-11, -2.111960569825312e-10, -1.3727222585460707e-15, 6.049650548267742e-16, 2.1778768104179775e-05, -1.5561576386965718e-06, -8.982081250906899e-09, 5.460690737885379e-10]

[0.0, -9.71093617143528e-13, -2.0487264626538435e-13, 4.480260744174967e-11, -1.9782910694412184e-10, -1.2394470982632764e-15, 7.945298734819561e-16, 1.8656851871026873e-05, -1.5587910646795775e-06, -6.399410167936601e-09, 5.852753658395025e-10]

----------------------------
Train and Validation error 
1130592359692.7886 3314062141224.679
1894936438804.7195 5139016688641.459
687722533038.4756 337429338057.91205
598515077033.7031 361566850027.476
285802078645.4364 111647754349.31804
1105429052926.607 3238133486019.3076
922487317024.8899 3310805279011.1084
428629404649.3107 1619414593269.0151
4648914434087.121 6003769961273.254
651092306585.5653 313094409881.494
After Selection (Parents Selected) 
[0.0, -9.71093617143528e-13, -2.0487264626538435e-13, 4.480260744174967e-11, -1.9782910694412184e-10, -1.2394470982632764e-15, 7.945298734819561e-16, 1.8656851871026873e-05, -1.5587910646795775e-06, -6.399410167936601e-09, 5.852753658395025e-10]
[0.0, -1.5167812453138353e-12, -2.051667062324275e-13, 6.52040563138029e-11, -1.6131211836507785e-10, -1.1227062827802668e-15, 9.308523087689501e-16, 1.5813206770910343e-05, -1.4316206100570595e-06, -6.457314255378098e-09, 5.64507496533645e-10]
----------------------------
---After Crossover----
0 [0.0, -9.71093617143528e-13, -2.0487264626538435e-13, 4.480260744174967e-11, -1.9782910694412184e-10, -1.1227062827802668e-15, 9.308523087689501e-16, 1.5813206770910343e-05, -1.4316206100570595e-06, -6.457314255378098e-09, 5.64507496533645e-10]
1 [0.0, -1.5167812453138353e-12, -2.051667062324275e-13, 6.52040563138029e-11, -1.6131211836507785e-10, -1.2394470982632764e-15, 7.945298734819561e-16, 1.8656851871026873e-05, -1.5587910646795775e-06, -6.399410167936601e-09, 5.852753658395025e-10]
2 [0.0, -9.71093617143528e-13, -2.0487264626538435e-13, 4.480260744174967e-11, -1.9782910694412184e-10, -1.1227062827802668e-15, 9.308523087689501e-16, 1.5813206770910343e-05, -1.4316206100570595e-06, -6.457314255378098e-09, 5.64507496533645e-10]
3 [0.0, -1.5167812453138353e-12, -2.051667062324275e-13, 6.52040563138029e-11, -1.6131211836507785e-10, -1.2394470982632764e-15, 7.945298734819561e-16, 1.8656851871026873e-05, -1.5587910646795775e-06, -6.399410167936601e-09, 5.852753658395025e-10]
4 [0.0, -9.71093617143528e-13, -2.0487264626538435e-13, 4.480260744174967e-11, -1.9782910694412184e-10, -1.1227062827802668e-15, 9.308523087689501e-16, 1.5813206770910343e-05, -1.4316206100570595e-06, -6.457314255378098e-09, 5.64507496533645e-10]
5 [0.0, -1.5167812453138353e-12, -2.051667062324275e-13, 6.52040563138029e-11, -1.6131211836507785e-10, -1.2394470982632764e-15, 7.945298734819561e-16, 1.8656851871026873e-05, -1.5587910646795775e-06, -6.399410167936601e-09, 5.852753658395025e-10]
6 [0.0, -9.71093617143528e-13, -2.0487264626538435e-13, 4.480260744174967e-11, -1.9782910694412184e-10, -1.1227062827802668e-15, 9.308523087689501e-16, 1.5813206770910343e-05, -1.4316206100570595e-06, -6.457314255378098e-09, 5.64507496533645e-10]
7 [0.0, -1.5167812453138353e-12, -2.051667062324275e-13, 6.52040563138029e-11, -1.6131211836507785e-10, -1.2394470982632764e-15, 7.945298734819561e-16, 1.8656851871026873e-05, -1.5587910646795775e-06, -6.399410167936601e-09, 5.852753658395025e-10]
8 [0.0, -9.71093617143528e-13, -2.0487264626538435e-13, 4.480260744174967e-11, -1.9782910694412184e-10, -1.1227062827802668e-15, 9.308523087689501e-16, 1.5813206770910343e-05, -1.4316206100570595e-06, -6.457314255378098e-09, 5.64507496533645e-10]
9 [0.0, -1.5167812453138353e-12, -2.051667062324275e-13, 6.52040563138029e-11, -1.6131211836507785e-10, -1.2394470982632764e-15, 7.945298734819561e-16, 1.8656851871026873e-05, -1.5587910646795775e-06, -6.399410167936601e-09, 5.852753658395025e-10]
----------------------------
----After Mutation--- 
0 [0.0, -9.77392317353573e-13, -1.9083334066283414e-13, 4.4153700660675806e-11, -1.8414885649313488e-10, -1.130330288430006e-15, 9.308523087689501e-16, 1.7282004218646044e-05, -1.4208267297824851e-06, -6.217180419264305e-09, 6.134538329546085e-10]
1 [0.0, -1.5167812453138353e-12, -2.2390904435484506e-13, 6.761346994125374e-11, -1.6355085773017103e-10, -1.2710156617040552e-15, 7.520898506770015e-16, 1.9839120781555006e-05, -1.489159589663424e-06, -6.565421588620992e-09, 6.039032929114747e-10]
2 [0.0, -1.0001816327838124e-12, -2.2261687100650607e-13, 4.702586324550757e-11, -1.9782910694412184e-10, -1.1374027017155463e-15, 9.710963040762348e-16, 1.6676442178561352e-05, -1.5262570910182315e-06, -6.515288598218228e-09, 5.187862367340514e-10]
3 [0.0, -1.5167812453138353e-12, -2.0766453844857817e-13, 6.293283278592131e-11, -1.7445138224096897e-10, -1.2244737719741539e-15, 8.655659565423882e-16, 1.8656851871026873e-05, -1.5773550999861052e-06, -6.539227155663642e-09, 5.920301073698325e-10]
4 [0.0, -1.0677850864220322e-12, -1.9353434523131427e-13, 4.8131303832028836e-11, -2.028206319761204e-10, -1.2110046793544168e-15, 1.0013624459658084e-15, 1.638330056885057e-05, -1.5591771901899013e-06, -6.972911779694441e-09, 6.171752162461922e-10]
5 [0.0, -1.5414524888249508e-12, -2.051667062324275e-13, 5.87224700023276e-11, -1.71883656107478e-10, -1.2394470982632764e-15, 7.945298734819561e-16, 1.8054264543415077e-05, -1.660895128737459e-06, -6.399410167936601e-09, 5.852753658395025e-10]
6 [0.0, -8.997938479023994e-13, -1.9911230184328103e-13, 4.304851332639845e-11, -2.1024783881535736e-10, -1.218837675165914e-15, 8.515211503879024e-16, 1.5071746603925553e-05, -1.3363202299207011e-06, -6.457314255378098e-09, 6.000245381769754e-10]
7 [0.0, -1.5167812453138353e-12, -2.1268906782468051e-13, 6.611516758864766e-11, -1.7313473412541511e-10, -1.3075648606666569e-15, 8.508470886809899e-16, 1.8656851871026873e-05, -1.4847242186641049e-06, -6.0454597903540705e-09, 5.653917347959548e-10]
8 [0.0, -1.0523235901694406e-12, -2.0069110422877648e-13, 4.9138344263868546e-11, -1.8746381883857922e-10, -1.1288012338135947e-15, 8.628735811014978e-16, 1.5644934127970605e-05, -1.3624253842463981e-06, -6.457314255378098e-09, 5.64507496533645e-10]
9 [0.0, -1.3978489263256849e-12, -1.97088430572212e-13, 7.080416817998846e-11, -1.6068962620992507e-10, -1.2925501443716003e-15, 7.945298734819561e-16, 1.8197050379623083e-05, -1.5587910646795775e-06, -6.399410167936601e-09, 6.159828832959169e-10]
----------------------------
Train and Validation error 
1233972550004.6494 3638731566321.2837
434330609053.1647 1373461140884.854
4770375868534.508 6625703924101.999
754325787142.0496 431539411643.2826
504758284793.88995 301711988852.0145
3131823833502.477 3815572449794.587
1045367990144.2578 3282119790781.261
306780354217.8875 105783486852.02904
104664720061.86421 460182413092.90857
185181895649.0592 142863081621.24774

-------------------NEW GENERATION-------------
[0.0, -1.5167812453138353e-12, -2.051667062324275e-13, 6.52040563138029e-11, -1.6131211836507785e-10, -1.1227062827802668e-15, 9.308523087689501e-16, 1.5813206770910343e-05, -1.4316206100570595e-06, -6.457314255378098e-09, 5.64507496533645e-10]

[0.0, -1.3978489263256849e-12, -1.97088430572212e-13, 7.080416817998846e-11, -1.6068962620992507e-10, -1.2925501443716003e-15, 7.945298734819561e-16, 1.8197050379623083e-05, -1.5587910646795775e-06, -6.399410167936601e-09, 6.159828832959169e-10]

[0.0, -1.5167812453138353e-12, -2.1268906782468051e-13, 6.611516758864766e-11, -1.7313473412541511e-10, -1.3075648606666569e-15, 8.508470886809899e-16, 1.8656851871026873e-05, -1.4847242186641049e-06, -6.0454597903540705e-09, 5.653917347959548e-10]

[0.0, -1.0523235901694406e-12, -2.0069110422877648e-13, 4.9138344263868546e-11, -1.8746381883857922e-10, -1.1288012338135947e-15, 8.628735811014978e-16, 1.5644934127970605e-05, -1.3624253842463981e-06, -6.457314255378098e-09, 5.64507496533645e-10]

[0.0, -1.0677850864220322e-12, -1.9353434523131427e-13, 4.8131303832028836e-11, -2.028206319761204e-10, -1.2110046793544168e-15, 1.0013624459658084e-15, 1.638330056885057e-05, -1.5591771901899013e-06, -6.972911779694441e-09, 6.171752162461922e-10]

[0.0, -9.71093617143528e-13, -2.0487264626538435e-13, 4.480260744174967e-11, -1.9782910694412184e-10, -1.2394470982632764e-15, 7.945298734819561e-16, 1.8656851871026873e-05, -1.5587910646795775e-06, -6.399410167936601e-09, 5.852753658395025e-10]

[0.0, -1.3816570705458734e-12, -1.943165880498964e-13, 6.13077006148064e-11, -1.6110459667040495e-10, -1.3604637247382752e-15, 9.577834546504941e-16, 1.6480283547728335e-05, -1.6143483327544096e-06, -6.7460308089561975e-09, 6.365341034708891e-10]

[0.0, -9.198261364935259e-13, -1.6562189160368453e-13, 4.989942905041329e-11, -2.2512328721645775e-10, -1.6517109285638231e-15, 8.717117560025087e-16, 1.7127483643155148e-05, -1.4580842627800828e-06, -5.836622422761749e-09, 5.539559559779851e-10]

[0.0, -1.5167812453138353e-12, -2.0766453844857817e-13, 6.293283278592131e-11, -1.7445138224096897e-10, -1.2244737719741539e-15, 8.655659565423882e-16, 1.8656851871026873e-05, -1.5773550999861052e-06, -6.539227155663642e-09, 5.920301073698325e-10]

[0.0, -1.5167812453138353e-12, -2.2390904435484506e-13, 6.761346994125374e-11, -1.6355085773017103e-10, -1.2710156617040552e-15, 7.520898506770015e-16, 1.9839120781555006e-05, -1.489159589663424e-06, -6.565421588620992e-09, 6.039032929114747e-10]

--------------------GENERATION ENDED-------------


Train and Validation error 
285802078645.4364 111647754349.31804
185181895649.0592 142863081621.24774
306780354217.8875 105783486852.02904
104664720061.86421 460182413092.90857
504758284793.88995 301711988852.0145
651092306585.5653 313094409881.494
598515077033.7031 361566850027.476
687722533038.4756 337429338057.91205
754325787142.0496 431539411643.2826
434330609053.1647 1373461140884.854
-------------------NEW GENERATION-------------

[0.0, -1.5167812453138353e-12, -2.051667062324275e-13, 6.52040563138029e-11, -1.6131211836507785e-10, -1.1227062827802668e-15, 9.308523087689501e-16, 1.5813206770910343e-05, -1.4316206100570595e-06, -6.457314255378098e-09, 5.64507496533645e-10]

[0.0, -1.3978489263256849e-12, -1.97088430572212e-13, 7.080416817998846e-11, -1.6068962620992507e-10, -1.2925501443716003e-15, 7.945298734819561e-16, 1.8197050379623083e-05, -1.5587910646795775e-06, -6.399410167936601e-09, 6.159828832959169e-10]

[0.0, -1.5167812453138353e-12, -2.1268906782468051e-13, 6.611516758864766e-11, -1.7313473412541511e-10, -1.3075648606666569e-15, 8.508470886809899e-16, 1.8656851871026873e-05, -1.4847242186641049e-06, -6.0454597903540705e-09, 5.653917347959548e-10]

[0.0, -1.0523235901694406e-12, -2.0069110422877648e-13, 4.9138344263868546e-11, -1.8746381883857922e-10, -1.1288012338135947e-15, 8.628735811014978e-16, 1.5644934127970605e-05, -1.3624253842463981e-06, -6.457314255378098e-09, 5.64507496533645e-10]

[0.0, -1.0677850864220322e-12, -1.9353434523131427e-13, 4.8131303832028836e-11, -2.028206319761204e-10, -1.2110046793544168e-15, 1.0013624459658084e-15, 1.638330056885057e-05, -1.5591771901899013e-06, -6.972911779694441e-09, 6.171752162461922e-10]

[0.0, -9.71093617143528e-13, -2.0487264626538435e-13, 4.480260744174967e-11, -1.9782910694412184e-10, -1.2394470982632764e-15, 7.945298734819561e-16, 1.8656851871026873e-05, -1.5587910646795775e-06, -6.399410167936601e-09, 5.852753658395025e-10]

[0.0, -1.3816570705458734e-12, -1.943165880498964e-13, 6.13077006148064e-11, -1.6110459667040495e-10, -1.3604637247382752e-15, 9.577834546504941e-16, 1.6480283547728335e-05, -1.6143483327544096e-06, -6.7460308089561975e-09, 6.365341034708891e-10]

[0.0, -9.198261364935259e-13, -1.6562189160368453e-13, 4.989942905041329e-11, -2.2512328721645775e-10, -1.6517109285638231e-15, 8.717117560025087e-16, 1.7127483643155148e-05, -1.4580842627800828e-06, -5.836622422761749e-09, 5.539559559779851e-10]

[0.0, -1.5167812453138353e-12, -2.0766453844857817e-13, 6.293283278592131e-11, -1.7445138224096897e-10, -1.2244737719741539e-15, 8.655659565423882e-16, 1.8656851871026873e-05, -1.5773550999861052e-06, -6.539227155663642e-09, 5.920301073698325e-10]

[0.0, -1.5167812453138353e-12, -2.2390904435484506e-13, 6.761346994125374e-11, -1.6355085773017103e-10, -1.2710156617040552e-15, 7.520898506770015e-16, 1.9839120781555006e-05, -1.489159589663424e-06, -6.565421588620992e-09, 6.039032929114747e-10]

--------------------GENERATION ENDED-------------

Final Vector submitted
[0.0, -1.5167812453138353e-12, -2.2390904435484506e-13, 6.761346994125374e-11, -1.6355085773017103e-10, -1.2710156617040552e-15, 7.520898506770015e-16, 1.9839120781555006e-05, -1.489159589663424e-06, -6.565421588620992e-09, 6.039032929114747e-10]
