Genetation iteration  0
--- Initial Population ----
[0.0, -1.1491184448649306e-12, -2.278764872197578e-13, 5.350923513685896e-11, -3.155918713791014e-10, -1.6380185758902808e-15, 7.180233370989506e-16, 2.3782473067713827e-05, -1.0685658406918074e-06, -4.468615623123961e-09, 4.2865015623619116e-10]

[0.0, -1.1125454687688262e-12, -2.1356144385263512e-13, 6.228246742866475e-11, -3.462404256653498e-10, -1.5716473789307344e-15, 7.284745601668074e-16, 2.0674869740429713e-05, -1.0933549613390478e-06, -5.026925304144351e-09, 3.853351246106495e-10]

[0.0, -1.2614013770686247e-12, -2.2829076361913934e-13, 5.85684531065954e-11, -3.160340146476502e-10, -1.559437087241745e-15, 8.547861380180195e-16, 2.0437029356910438e-05, -1.1758306173496516e-06, -4.709425568510216e-09, 3.76422717798912e-10]

[0.0, -1.1807417987124686e-12, -2.588891660280241e-13, 6.245763858479655e-11, -2.9388764290921504e-10, -1.4480542681338828e-15, 7.34008786766893e-16, 2.131710680654912e-05, -1.1222239155971856e-06, -4.4669510077740995e-09, 4.436681096292459e-10]

[0.0, -1.0910976116439994e-12, -2.1525834461858136e-13, 5.893207666350646e-11, -3.1108999100801043e-10, -1.6570769835761753e-15, 7.221245781671245e-16, 2.0623511679334993e-05, -1.289791919365645e-06, -4.701015091152519e-09, 3.6601243943655204e-10]

[0.0, -1.0550194961396252e-12, -2.3052504175480976e-13, 5.3087001749476954e-11, -2.8862485691542883e-10, -1.852905230832723e-15, 6.611660621121919e-16, 2.4180160235233362e-05, -1.164635200979213e-06, -5.015427987583077e-09, 4.682805639756301e-10]

[0.0, -1.2288952654600905e-12, -2.4533796771375977e-13, 5.910657807433822e-11, -3.149020719636563e-10, -1.4542563760455698e-15, 7.229594046754964e-16, 2.037798137177077e-05, -1.26712756231318e-06, -4.830474571953331e-09, 4.311380767618625e-10]

[0.0, -1.0724361515833584e-12, -2.6370577455555277e-13, 6.119144174905233e-11, -2.9446828281692714e-10, -1.6097831332884918e-15, 6.292078000870978e-16, 2.2196006632142276e-05, -1.1113575584263352e-06, -5.0209617738245595e-09, 4.0412781300287324e-10]

[0.0, -1.2383507865514776e-12, -2.781121910925561e-13, 6.146145162899406e-11, -3.175548153657942e-10, -1.5772533651209303e-15, 6.881430941031654e-16, 2.1243551845882714e-05, -1.041482168135478e-06, -5.649310858756151e-09, 3.4064169031206496e-10]

[0.0, -1.270534270495478e-12, -2.5138312722970353e-13, 5.581459315691271e-11, -2.584769146957691e-10, -1.7743454747508522e-15, 7.121295370058772e-16, 1.87823036907323e-05, -1.2960230154575377e-06, -5.385073553857557e-09, 4.330380335509826e-10]

----------------------------
Train and Validation error 
4587924836356.714 12409600269488.732
485268596066.4715 1077347381435.4926
1090631893554.322 683564020540.2347
2625147042049.6665 7439135256604.942
4723979082639.399 5236596295510.35
3480829807611.5293 9813801193166.373
617752142555.933 338062388663.2799
862639642597.3146 2628765729831.9385
868391595317.6696 692965362690.9087
2261920584938.255 1982875014752.3777
After Selection (Parents Selected) 
[0.0, -1.2383507865514776e-12, -2.781121910925561e-13, 6.146145162899406e-11, -3.175548153657942e-10, -1.5772533651209303e-15, 6.881430941031654e-16, 2.1243551845882714e-05, -1.041482168135478e-06, -5.649310858756151e-09, 3.4064169031206496e-10]
[0.0, -1.2288952654600905e-12, -2.4533796771375977e-13, 5.910657807433822e-11, -3.149020719636563e-10, -1.4542563760455698e-15, 7.229594046754964e-16, 2.037798137177077e-05, -1.26712756231318e-06, -4.830474571953331e-09, 4.311380767618625e-10]
----------------------------
---After Crossover----
0 [0.0, -1.2383507865514776e-12, -2.781121910925561e-13, 6.146145162899406e-11, -3.175548153657942e-10, -1.4542563760455698e-15, 7.229594046754964e-16, 2.037798137177077e-05, -1.26712756231318e-06, -4.830474571953331e-09, 4.311380767618625e-10]
1 [0.0, -1.2288952654600905e-12, -2.4533796771375977e-13, 5.910657807433822e-11, -3.149020719636563e-10, -1.5772533651209303e-15, 6.881430941031654e-16, 2.1243551845882714e-05, -1.041482168135478e-06, -5.649310858756151e-09, 3.4064169031206496e-10]
2 [0.0, -1.2383507865514776e-12, -2.781121910925561e-13, 6.146145162899406e-11, -3.175548153657942e-10, -1.4542563760455698e-15, 7.229594046754964e-16, 2.037798137177077e-05, -1.26712756231318e-06, -4.830474571953331e-09, 4.311380767618625e-10]
3 [0.0, -1.2288952654600905e-12, -2.4533796771375977e-13, 5.910657807433822e-11, -3.149020719636563e-10, -1.5772533651209303e-15, 6.881430941031654e-16, 2.1243551845882714e-05, -1.041482168135478e-06, -5.649310858756151e-09, 3.4064169031206496e-10]
4 [0.0, -1.2383507865514776e-12, -2.781121910925561e-13, 6.146145162899406e-11, -3.175548153657942e-10, -1.4542563760455698e-15, 7.229594046754964e-16, 2.037798137177077e-05, -1.26712756231318e-06, -4.830474571953331e-09, 4.311380767618625e-10]
5 [0.0, -1.2288952654600905e-12, -2.4533796771375977e-13, 5.910657807433822e-11, -3.149020719636563e-10, -1.5772533651209303e-15, 6.881430941031654e-16, 2.1243551845882714e-05, -1.041482168135478e-06, -5.649310858756151e-09, 3.4064169031206496e-10]
6 [0.0, -1.2383507865514776e-12, -2.781121910925561e-13, 6.146145162899406e-11, -3.175548153657942e-10, -1.4542563760455698e-15, 7.229594046754964e-16, 2.037798137177077e-05, -1.26712756231318e-06, -4.830474571953331e-09, 4.311380767618625e-10]
7 [0.0, -1.2288952654600905e-12, -2.4533796771375977e-13, 5.910657807433822e-11, -3.149020719636563e-10, -1.5772533651209303e-15, 6.881430941031654e-16, 2.1243551845882714e-05, -1.041482168135478e-06, -5.649310858756151e-09, 3.4064169031206496e-10]
8 [0.0, -1.2383507865514776e-12, -2.781121910925561e-13, 6.146145162899406e-11, -3.175548153657942e-10, -1.4542563760455698e-15, 7.229594046754964e-16, 2.037798137177077e-05, -1.26712756231318e-06, -4.830474571953331e-09, 4.311380767618625e-10]
9 [0.0, -1.2288952654600905e-12, -2.4533796771375977e-13, 5.910657807433822e-11, -3.149020719636563e-10, -1.5772533651209303e-15, 6.881430941031654e-16, 2.1243551845882714e-05, -1.041482168135478e-06, -5.649310858756151e-09, 3.4064169031206496e-10]
----------------------------
----After Mutation--- 
0 [0.0, -1.2630816518057699e-12, -3.0116055161833986e-13, 5.975310373443513e-11, -3.007038148648056e-10, -1.4499493890359397e-15, 7.229594046754964e-16, 2.018690510804481e-05, -1.219870072285659e-06, -4.636273143896742e-09, 4.5086101642576775e-10]
1 [0.0, -1.259095036134702e-12, -2.312377093987376e-13, 5.7796808507582066e-11, -3.1550700841803496e-10, -1.6169934283223327e-15, 6.728347846679155e-16, 2.0664796124202113e-05, -1.0826806499479559e-06, -6.0178180712191245e-09, 3.293437337408827e-10]
2 [0.0, -1.234438760008308e-12, -2.5037988939710877e-13, 6.146145162899406e-11, -3.175548153657942e-10, -1.4542563760455698e-15, 7.905842672757455e-16, 1.9651311916124096e-05, -1.2957988797756529e-06, -4.830474571953331e-09, 4.048753692498573e-10]
3 [0.0, -1.2331083935284766e-12, -2.5562480269724556e-13, 5.910657807433822e-11, -3.368844424807159e-10, -1.4541284869506494e-15, 6.492326810719691e-16, 2.2928706242507274e-05, -1.041482168135478e-06, -5.4721995288824215e-09, 3.192504571364741e-10]
4 [0.0, -1.2383507865514776e-12, -2.543783146610485e-13, 6.275448573753915e-11, -3.4036252258349103e-10, -1.4423213937382656e-15, 6.994403086239337e-16, 1.9080710192122393e-05, -1.164032232390023e-06, -4.547242272302557e-09, 3.951632931129906e-10]
5 [0.0, -1.2288952654600905e-12, -2.297455065186593e-13, 5.947533883960849e-11, -2.8574293878936255e-10, -1.595985303441323e-15, 6.881430941031654e-16, 2.0443970701964888e-05, -1.0359136910914623e-06, -5.905479254431768e-09, 3.2175582560013426e-10]
6 [0.0, -1.2383507865514776e-12, -2.921528760116052e-13, 6.434223647295409e-11, -3.199455311826654e-10, -1.3454000888213772e-15, 7.66794523193749e-16, 1.879509337695896e-05, -1.234627106318773e-06, -4.776814799367682e-09, 4.050426791478072e-10]
7 [0.0, -1.2423213022901501e-12, -2.466990425728427e-13, 5.782788597175894e-11, -3.149020719636563e-10, -1.5449070361029575e-15, 6.662982016029526e-16, 2.0060522110252633e-05, -9.641187669560523e-07, -5.800871478392094e-09, 3.686231234914193e-10]
8 [0.0, -1.1653017172039785e-12, -2.645965687406035e-13, 6.067050826042384e-11, -3.05862125165822e-10, -1.4542563760455698e-15, 7.229594046754964e-16, 2.1993627107323468e-05, -1.2069089674040615e-06, -4.830474571953331e-09, 4.4529666167405326e-10]
9 [0.0, -1.3476059599507776e-12, -2.5278667148177475e-13, 6.006116611788999e-11, -3.024352170161977e-10, -1.602178110118927e-15, 6.881430941031654e-16, 2.135178157224299e-05, -1.010856295078181e-06, -5.649310858756151e-09, 3.226734472272262e-10]
----------------------------
Train and Validation error 
612496933609.7002 1831755357511.6387
2714013485962.9536 2627857158970.8125
2351222678068.137 2142914501540.9546
945500559492.0992 732950725737.9259
538533166050.24805 402253349291.06335
1959523598759.726 1713302049866.6746
1170896851994.8699 802963699967.4955
655705349717.3514 2207646198473.8145
978790964322.7891 2886715262553.6772
1027822346235.8987 814506939772.1216

-------------------NEW GENERATION-------------
[0.0, -1.2288952654600905e-12, -2.4533796771375977e-13, 5.910657807433822e-11, -3.149020719636563e-10, -1.4542563760455698e-15, 7.229594046754964e-16, 2.037798137177077e-05, -1.26712756231318e-06, -4.830474571953331e-09, 4.311380767618625e-10]

[0.0, -1.2383507865514776e-12, -2.781121910925561e-13, 6.146145162899406e-11, -3.175548153657942e-10, -1.5772533651209303e-15, 6.881430941031654e-16, 2.1243551845882714e-05, -1.041482168135478e-06, -5.649310858756151e-09, 3.4064169031206496e-10]

[0.0, -1.2614013770686247e-12, -2.2829076361913934e-13, 5.85684531065954e-11, -3.160340146476502e-10, -1.559437087241745e-15, 8.547861380180195e-16, 2.0437029356910438e-05, -1.1758306173496516e-06, -4.709425568510216e-09, 3.76422717798912e-10]

[0.0, -1.1125454687688262e-12, -2.1356144385263512e-13, 6.228246742866475e-11, -3.462404256653498e-10, -1.5716473789307344e-15, 7.284745601668074e-16, 2.0674869740429713e-05, -1.0933549613390478e-06, -5.026925304144351e-09, 3.853351246106495e-10]

[0.0, -1.2383507865514776e-12, -2.543783146610485e-13, 6.275448573753915e-11, -3.4036252258349103e-10, -1.4423213937382656e-15, 6.994403086239337e-16, 1.9080710192122393e-05, -1.164032232390023e-06, -4.547242272302557e-09, 3.951632931129906e-10]

[0.0, -1.2331083935284766e-12, -2.5562480269724556e-13, 5.910657807433822e-11, -3.368844424807159e-10, -1.4541284869506494e-15, 6.492326810719691e-16, 2.2928706242507274e-05, -1.041482168135478e-06, -5.4721995288824215e-09, 3.192504571364741e-10]

[0.0, -1.0724361515833584e-12, -2.6370577455555277e-13, 6.119144174905233e-11, -2.9446828281692714e-10, -1.6097831332884918e-15, 6.292078000870978e-16, 2.2196006632142276e-05, -1.1113575584263352e-06, -5.0209617738245595e-09, 4.0412781300287324e-10]

[0.0, -1.270534270495478e-12, -2.5138312722970353e-13, 5.581459315691271e-11, -2.584769146957691e-10, -1.7743454747508522e-15, 7.121295370058772e-16, 1.87823036907323e-05, -1.2960230154575377e-06, -5.385073553857557e-09, 4.330380335509826e-10]

[0.0, -1.3476059599507776e-12, -2.5278667148177475e-13, 6.006116611788999e-11, -3.024352170161977e-10, -1.602178110118927e-15, 6.881430941031654e-16, 2.135178157224299e-05, -1.010856295078181e-06, -5.649310858756151e-09, 3.226734472272262e-10]

[0.0, -1.2383507865514776e-12, -2.921528760116052e-13, 6.434223647295409e-11, -3.199455311826654e-10, -1.3454000888213772e-15, 7.66794523193749e-16, 1.879509337695896e-05, -1.234627106318773e-06, -4.776814799367682e-09, 4.050426791478072e-10]

--------------------GENERATION ENDED-------------


Genetation iteration  1
--- Initial Population ----
[0.0, -1.2288952654600905e-12, -2.4533796771375977e-13, 5.556318666441053e-11, -2.9211155270782745e-10, -1.4542563760455698e-15, 7.222301936838068e-16, 2.0837166399065422e-05, -1.168562591917953e-06, -4.976314546685616e-09, 3.965423978448513e-10]

[0.0, -1.261020659978204e-12, -2.593228946552623e-13, 5.5649275622623524e-11, -3.175548153657942e-10, -1.4950208208207053e-15, 7.371822165602409e-16, 2.188267456841666e-05, -9.590679218782313e-07, -6.203257030818905e-09, 3.3828650341258314e-10]

[0.0, -1.3614277060564986e-12, -2.354375583918079e-13, 5.5246165736826394e-11, -3.22034132342936e-10, -1.537651587292675e-15, 8.547861380180195e-16, 1.8971364018558937e-05, -1.277757553854345e-06, -4.872299506829495e-09, 3.697974525093513e-10]

[0.0, -1.2158841011487544e-12, -2.1181084153092793e-13, 5.8014531009369637e-11, -3.117697233404339e-10, -1.5716473789307344e-15, 7.341574512139179e-16, 2.0674869740429713e-05, -9.869803720786311e-07, -4.6098016056999345e-09, 3.5612691392713134e-10]

[0.0, -1.296054657965436e-12, -2.375556380901339e-13, 6.111578664445731e-11, -3.6319115037102604e-10, -1.4423213937382656e-15, 7.549049569053413e-16, 1.9080710192122393e-05, -1.1720010716144361e-06, -4.6898941882097145e-09, 3.951632931129906e-10]

[0.0, -1.1798524668507673e-12, -2.5562480269724556e-13, 5.7962000060817915e-11, -3.371461149124737e-10, -1.5041678834473075e-15, 6.492326810719691e-16, 2.3147155112901046e-05, -1.041482168135478e-06, -5.4721995288824215e-09, 3.3566070204548755e-10]

[0.0, -1.141910499517663e-12, -2.643571451672713e-13, 6.119144174905233e-11, -3.119756922370504e-10, -1.753935094840632e-15, 6.182683492969624e-16, 2.095971142791142e-05, -1.1784079373970451e-06, -5.0209617738245595e-09, 4.4202676521158167e-10]

[0.0, -1.2831314174336546e-12, -2.7248149861820895e-13, 5.3614389955606726e-11, -2.725547550003144e-10, -1.788162393272449e-15, 7.121295370058772e-16, 1.87823036907323e-05, -1.3895723948444961e-06, -5.726403912921822e-09, 4.354511752194975e-10]

[0.0, -1.3265905920078725e-12, -2.4774494850844194e-13, 5.682676206312344e-11, -2.910371706401101e-10, -1.602178110118927e-15, 6.647130499024166e-16, 2.1694429289622465e-05, -9.349639394631915e-07, -5.8088824892169876e-09, 3.208620134612194e-10]

[0.0, -1.1363247629280307e-12, -3.202237299719211e-13, 6.434599987154346e-11, -3.2289582738538225e-10, -1.35965970401987e-15, 7.845935470880929e-16, 2.0124839349290164e-05, -1.3428159381104968e-06, -4.874079030958846e-09, 4.401202101841939e-10]

----------------------------
Train and Validation error 
523178464898.04755 502042019008.3234
520938873570.2827 1202682387532.1572
5102040128461.181 6122345902993.428
877519004348.9216 2832671867334.669
651631100167.8674 408480294338.2267
658914845197.3671 829896962556.4696
700240630815.1469 2170095138537.7124
5756950805290.421 7047891032634.023
584103192013.113 1199241833122.0269
1298781204481.855 834389697252.341
After Selection (Parents Selected) 
[0.0, -1.2288952654600905e-12, -2.4533796771375977e-13, 5.556318666441053e-11, -2.9211155270782745e-10, -1.4542563760455698e-15, 7.222301936838068e-16, 2.0837166399065422e-05, -1.168562591917953e-06, -4.976314546685616e-09, 3.965423978448513e-10]
[0.0, -1.296054657965436e-12, -2.375556380901339e-13, 6.111578664445731e-11, -3.6319115037102604e-10, -1.4423213937382656e-15, 7.549049569053413e-16, 1.9080710192122393e-05, -1.1720010716144361e-06, -4.6898941882097145e-09, 3.951632931129906e-10]
----------------------------
---After Crossover----
0 [0.0, -1.2288952654600905e-12, -2.4533796771375977e-13, 5.556318666441053e-11, -2.9211155270782745e-10, -1.4423213937382656e-15, 7.549049569053413e-16, 1.9080710192122393e-05, -1.1720010716144361e-06, -4.6898941882097145e-09, 3.951632931129906e-10]
1 [0.0, -1.296054657965436e-12, -2.375556380901339e-13, 6.111578664445731e-11, -3.6319115037102604e-10, -1.4542563760455698e-15, 7.222301936838068e-16, 2.0837166399065422e-05, -1.168562591917953e-06, -4.976314546685616e-09, 3.965423978448513e-10]
2 [0.0, -1.2288952654600905e-12, -2.4533796771375977e-13, 5.556318666441053e-11, -2.9211155270782745e-10, -1.4423213937382656e-15, 7.549049569053413e-16, 1.9080710192122393e-05, -1.1720010716144361e-06, -4.6898941882097145e-09, 3.951632931129906e-10]
3 [0.0, -1.296054657965436e-12, -2.375556380901339e-13, 6.111578664445731e-11, -3.6319115037102604e-10, -1.4542563760455698e-15, 7.222301936838068e-16, 2.0837166399065422e-05, -1.168562591917953e-06, -4.976314546685616e-09, 3.965423978448513e-10]
4 [0.0, -1.2288952654600905e-12, -2.4533796771375977e-13, 5.556318666441053e-11, -2.9211155270782745e-10, -1.4423213937382656e-15, 7.549049569053413e-16, 1.9080710192122393e-05, -1.1720010716144361e-06, -4.6898941882097145e-09, 3.951632931129906e-10]
5 [0.0, -1.296054657965436e-12, -2.375556380901339e-13, 6.111578664445731e-11, -3.6319115037102604e-10, -1.4542563760455698e-15, 7.222301936838068e-16, 2.0837166399065422e-05, -1.168562591917953e-06, -4.976314546685616e-09, 3.965423978448513e-10]
6 [0.0, -1.2288952654600905e-12, -2.4533796771375977e-13, 5.556318666441053e-11, -2.9211155270782745e-10, -1.4423213937382656e-15, 7.549049569053413e-16, 1.9080710192122393e-05, -1.1720010716144361e-06, -4.6898941882097145e-09, 3.951632931129906e-10]
7 [0.0, -1.296054657965436e-12, -2.375556380901339e-13, 6.111578664445731e-11, -3.6319115037102604e-10, -1.4542563760455698e-15, 7.222301936838068e-16, 2.0837166399065422e-05, -1.168562591917953e-06, -4.976314546685616e-09, 3.965423978448513e-10]
8 [0.0, -1.2288952654600905e-12, -2.4533796771375977e-13, 5.556318666441053e-11, -2.9211155270782745e-10, -1.4423213937382656e-15, 7.549049569053413e-16, 1.9080710192122393e-05, -1.1720010716144361e-06, -4.6898941882097145e-09, 3.951632931129906e-10]
9 [0.0, -1.296054657965436e-12, -2.375556380901339e-13, 6.111578664445731e-11, -3.6319115037102604e-10, -1.4542563760455698e-15, 7.222301936838068e-16, 2.0837166399065422e-05, -1.168562591917953e-06, -4.976314546685616e-09, 3.965423978448513e-10]
----------------------------
----After Mutation--- 
0 [0.0, -1.3225342973144356e-12, -2.282471773634305e-13, 5.894400504971978e-11, -2.9211155270782745e-10, -1.5195985993992528e-15, 7.477464404357551e-16, 2.084338612273352e-05, -1.1589875725907115e-06, -4.8573340448513366e-09, 3.725509305112193e-10]
1 [0.0, -1.3119536941803769e-12, -2.2787718223143876e-13, 6.427508413458924e-11, -3.6319115037102604e-10, -1.4542563760455698e-15, 7.72576850477362e-16, 2.032589754215242e-05, -1.105137447434199e-06, -5.294285916666279e-09, 3.9030778650670786e-10]
2 [0.0, -1.1754419054699365e-12, -2.609208559370468e-13, 5.207261832153533e-11, -2.947790685621047e-10, -1.3222390174591273e-15, 8.034201579942029e-16, 1.858752638402718e-05, -1.089852820296134e-06, -4.354209110821497e-09, 3.9500007535677525e-10]
3 [0.0, -1.2038525380603371e-12, -2.440747574629502e-13, 6.631872028530934e-11, -3.483680346564768e-10, -1.4260919920187238e-15, 7.24869139764059e-16, 1.8941722620051765e-05, -1.220482274927015e-06, -4.966798237873033e-09, 4.142334983233751e-10]
4 [0.0, -1.266110732949342e-12, -2.4533796771375977e-13, 5.556318666441053e-11, -3.136220659683366e-10, -1.341385936052182e-15, 7.333501651473147e-16, 1.7744486450134485e-05, -1.1720010716144361e-06, -4.304377715114787e-09, 4.284474769357049e-10]
5 [0.0, -1.296054657965436e-12, -2.2300480434795703e-13, 6.374754346113522e-11, -3.934437417832908e-10, -1.5535940638072742e-15, 7.081532986556294e-16, 2.0495499533908524e-05, -1.2120057553233836e-06, -4.6308817424542655e-09, 4.041640889778062e-10]
6 [0.0, -1.215371791737543e-12, -2.36546929860709e-13, 5.841292500379903e-11, -2.744077649415863e-10, -1.494096112943992e-15, 7.53056816258991e-16, 2.002313676289553e-05, -1.1371249598784713e-06, -4.442032386329089e-09, 3.6085467771262275e-10]
7 [0.0, -1.4191932520784139e-12, -2.441733946251297e-13, 5.87078471229175e-11, -3.738719307525514e-10, -1.5772697418116898e-15, 7.462804249731098e-16, 1.983523343751485e-05, -1.210049570483077e-06, -4.957024027168775e-09, 4.1039042719281827e-10]
8 [0.0, -1.248437588674671e-12, -2.2405504322118743e-13, 5.556318666441053e-11, -2.9211155270782745e-10, -1.4423213937382656e-15, 7.188101646814008e-16, 1.7913687258255896e-05, -1.109176612576365e-06, -4.6898941882097145e-09, 3.8322490989502023e-10]
9 [0.0, -1.1990133640919193e-12, -2.1774103710013934e-13, 5.7434251353016174e-11, -3.541014524376234e-10, -1.4542563760455698e-15, 7.712363861107545e-16, 2.0837166399065422e-05, -1.0706524293760037e-06, -4.976314546685616e-09, 4.267955197153224e-10]
----------------------------
Train and Validation error 
947184692110.3418 593750251503.3098
421161526232.2636 761738373972.6707
474834042664.4051 1490592248911.613
818975609395.7711 477209861199.8705
333943596959.54626 919063638120.5195
692081404439.7502 434912374582.19666
942801333389.7826 600030146362.5219
771254858068.0784 457646692139.8629
523365809324.96844 414239743459.1869
2031790408035.4817 6068468106269.421

-------------------NEW GENERATION-------------
[0.0, -1.296054657965436e-12, -2.375556380901339e-13, 6.111578664445731e-11, -3.6319115037102604e-10, -1.4423213937382656e-15, 7.549049569053413e-16, 1.9080710192122393e-05, -1.1720010716144361e-06, -4.6898941882097145e-09, 3.951632931129906e-10]

[0.0, -1.2288952654600905e-12, -2.4533796771375977e-13, 5.556318666441053e-11, -2.9211155270782745e-10, -1.4542563760455698e-15, 7.222301936838068e-16, 2.0837166399065422e-05, -1.168562591917953e-06, -4.976314546685616e-09, 3.965423978448513e-10]

[0.0, -1.1798524668507673e-12, -2.5562480269724556e-13, 5.7962000060817915e-11, -3.371461149124737e-10, -1.5041678834473075e-15, 6.492326810719691e-16, 2.3147155112901046e-05, -1.041482168135478e-06, -5.4721995288824215e-09, 3.3566070204548755e-10]

[0.0, -1.248437588674671e-12, -2.2405504322118743e-13, 5.556318666441053e-11, -2.9211155270782745e-10, -1.4423213937382656e-15, 7.188101646814008e-16, 1.7913687258255896e-05, -1.109176612576365e-06, -4.6898941882097145e-09, 3.8322490989502023e-10]

[0.0, -1.261020659978204e-12, -2.593228946552623e-13, 5.5649275622623524e-11, -3.175548153657942e-10, -1.4950208208207053e-15, 7.371822165602409e-16, 2.188267456841666e-05, -9.590679218782313e-07, -6.203257030818905e-09, 3.3828650341258314e-10]

[0.0, -1.1363247629280307e-12, -3.202237299719211e-13, 6.434599987154346e-11, -3.2289582738538225e-10, -1.35965970401987e-15, 7.845935470880929e-16, 2.0124839349290164e-05, -1.3428159381104968e-06, -4.874079030958846e-09, 4.401202101841939e-10]

[0.0, -1.3265905920078725e-12, -2.4774494850844194e-13, 5.682676206312344e-11, -2.910371706401101e-10, -1.602178110118927e-15, 6.647130499024166e-16, 2.1694429289622465e-05, -9.349639394631915e-07, -5.8088824892169876e-09, 3.208620134612194e-10]

[0.0, -1.296054657965436e-12, -2.2300480434795703e-13, 6.374754346113522e-11, -3.934437417832908e-10, -1.5535940638072742e-15, 7.081532986556294e-16, 2.0495499533908524e-05, -1.2120057553233836e-06, -4.6308817424542655e-09, 4.041640889778062e-10]

[0.0, -1.4191932520784139e-12, -2.441733946251297e-13, 5.87078471229175e-11, -3.738719307525514e-10, -1.5772697418116898e-15, 7.462804249731098e-16, 1.983523343751485e-05, -1.210049570483077e-06, -4.957024027168775e-09, 4.1039042719281827e-10]

[0.0, -1.2038525380603371e-12, -2.440747574629502e-13, 6.631872028530934e-11, -3.483680346564768e-10, -1.4260919920187238e-15, 7.24869139764059e-16, 1.8941722620051765e-05, -1.220482274927015e-06, -4.966798237873033e-09, 4.142334983233751e-10]

--------------------GENERATION ENDED-------------


Genetation iteration  2
--- Initial Population ----
[0.0, -1.3790805386289777e-12, -2.2365321200792088e-13, 5.688230996235772e-11, -3.892160781273977e-10, -1.5557059706746728e-15, 7.83106066044517e-16, 2.0942195151307874e-05, -1.1146797625934088e-06, -4.6898941882097145e-09, 3.800605784201348e-10]

[0.0, -1.2288952654600905e-12, -2.367712185762191e-13, 5.556318666441053e-11, -2.935557197676112e-10, -1.3116549807586452e-15, 7.222301936838068e-16, 1.993807321162157e-05, -1.178431153540528e-06, -4.933134168006059e-09, 3.684577249302131e-10]

[0.0, -1.2455015101373476e-12, -2.5562480269724556e-13, 6.117203758104338e-11, -3.371461149124737e-10, -1.510111439364999e-15, 7.072448811025116e-16, 2.336184966519171e-05, -1.041482168135478e-06, -5.541623140798197e-09, 3.40058693444722e-10]

[0.0, -1.248437588674671e-12, -2.2405504322118743e-13, 5.556318666441053e-11, -2.9211155270782745e-10, -1.3026150730393958e-15, 6.497101721561698e-16, 1.7804748944591265e-05, -1.1926027584301749e-06, -4.57681236172303e-09, 3.6083607404552695e-10]

[0.0, -1.2292172939045656e-12, -2.5946635884943443e-13, 5.5649275622623524e-11, -3.013072104104715e-10, -1.4004844902038448e-15, 7.371822165602409e-16, 2.0255090781371988e-05, -9.435027213807897e-07, -5.606137767754248e-09, 3.124827630282517e-10]

[0.0, -1.206897137900446e-12, -2.9333578126736047e-13, 6.98370326265614e-11, -3.1666250297883294e-10, -1.320612053719136e-15, 8.333734117740624e-16, 2.0124839349290164e-05, -1.2509976273575664e-06, -5.075851331839738e-09, 4.6408404157710237e-10]

[0.0, -1.3265905920078725e-12, -2.305205952630001e-13, 6.170877250079409e-11, -2.819776350032699e-10, -1.5144416587149607e-15, 6.647130499024166e-16, 2.096472436738208e-05, -9.349639394631915e-07, -6.260284654779451e-09, 2.9759203474842307e-10]

[0.0, -1.4158260162533609e-12, -2.034399602852263e-13, 5.742528978429024e-11, -3.6184564944049116e-10, -1.4443748923053765e-15, 7.190666690065667e-16, 2.0495499533908524e-05, -1.2237018156795834e-06, -4.981092975969866e-09, 4.1640124152787577e-10]

[0.0, -1.544330738864436e-12, -2.441733946251297e-13, 5.87078471229175e-11, -3.738719307525514e-10, -1.6268868529504984e-15, 7.105542626623935e-16, 1.8848038824827084e-05, -1.2095664835175845e-06, -4.957024027168775e-09, 4.391772213985975e-10]

[0.0, -1.291631882333319e-12, -2.594723660256596e-13, 6.875306733113124e-11, -3.2685839996303465e-10, -1.4260919920187238e-15, 7.327743518343792e-16, 1.900804378930555e-05, -1.103631058565667e-06, -4.745958147087826e-09, 4.0594854849828967e-10]

----------------------------
Train and Validation error 
513582504538.70215 887155224805.0111
1442630405841.193 1098775394714.399
627970845515.3394 949612440188.7844
2707480466371.7812 2840149242739.5186
610265720911.5137 691482953983.0342
450323901304.8744 1273830670738.3738
1206677996103.4453 1016460685734.5222
582980525711.5626 377409402543.9181
404342312732.0537 516576985843.94617
463321877778.6995 1439378685306.689
After Selection (Parents Selected) 
[0.0, -1.544330738864436e-12, -2.441733946251297e-13, 5.87078471229175e-11, -3.738719307525514e-10, -1.6268868529504984e-15, 7.105542626623935e-16, 1.8848038824827084e-05, -1.2095664835175845e-06, -4.957024027168775e-09, 4.391772213985975e-10]
[0.0, -1.4158260162533609e-12, -2.034399602852263e-13, 5.742528978429024e-11, -3.6184564944049116e-10, -1.4443748923053765e-15, 7.190666690065667e-16, 2.0495499533908524e-05, -1.2237018156795834e-06, -4.981092975969866e-09, 4.1640124152787577e-10]
----------------------------
---After Crossover----
0 [0.0, -1.544330738864436e-12, -2.441733946251297e-13, 5.87078471229175e-11, -3.738719307525514e-10, -1.4443748923053765e-15, 7.190666690065667e-16, 2.0495499533908524e-05, -1.2237018156795834e-06, -4.981092975969866e-09, 4.1640124152787577e-10]
1 [0.0, -1.4158260162533609e-12, -2.034399602852263e-13, 5.742528978429024e-11, -3.6184564944049116e-10, -1.6268868529504984e-15, 7.105542626623935e-16, 1.8848038824827084e-05, -1.2095664835175845e-06, -4.957024027168775e-09, 4.391772213985975e-10]
2 [0.0, -1.544330738864436e-12, -2.441733946251297e-13, 5.87078471229175e-11, -3.738719307525514e-10, -1.4443748923053765e-15, 7.190666690065667e-16, 2.0495499533908524e-05, -1.2237018156795834e-06, -4.981092975969866e-09, 4.1640124152787577e-10]
3 [0.0, -1.4158260162533609e-12, -2.034399602852263e-13, 5.742528978429024e-11, -3.6184564944049116e-10, -1.6268868529504984e-15, 7.105542626623935e-16, 1.8848038824827084e-05, -1.2095664835175845e-06, -4.957024027168775e-09, 4.391772213985975e-10]
4 [0.0, -1.544330738864436e-12, -2.441733946251297e-13, 5.87078471229175e-11, -3.738719307525514e-10, -1.4443748923053765e-15, 7.190666690065667e-16, 2.0495499533908524e-05, -1.2237018156795834e-06, -4.981092975969866e-09, 4.1640124152787577e-10]
5 [0.0, -1.4158260162533609e-12, -2.034399602852263e-13, 5.742528978429024e-11, -3.6184564944049116e-10, -1.6268868529504984e-15, 7.105542626623935e-16, 1.8848038824827084e-05, -1.2095664835175845e-06, -4.957024027168775e-09, 4.391772213985975e-10]
6 [0.0, -1.544330738864436e-12, -2.441733946251297e-13, 5.87078471229175e-11, -3.738719307525514e-10, -1.4443748923053765e-15, 7.190666690065667e-16, 2.0495499533908524e-05, -1.2237018156795834e-06, -4.981092975969866e-09, 4.1640124152787577e-10]
7 [0.0, -1.4158260162533609e-12, -2.034399602852263e-13, 5.742528978429024e-11, -3.6184564944049116e-10, -1.6268868529504984e-15, 7.105542626623935e-16, 1.8848038824827084e-05, -1.2095664835175845e-06, -4.957024027168775e-09, 4.391772213985975e-10]
8 [0.0, -1.544330738864436e-12, -2.441733946251297e-13, 5.87078471229175e-11, -3.738719307525514e-10, -1.4443748923053765e-15, 7.190666690065667e-16, 2.0495499533908524e-05, -1.2237018156795834e-06, -4.981092975969866e-09, 4.1640124152787577e-10]
9 [0.0, -1.4158260162533609e-12, -2.034399602852263e-13, 5.742528978429024e-11, -3.6184564944049116e-10, -1.6268868529504984e-15, 7.105542626623935e-16, 1.8848038824827084e-05, -1.2095664835175845e-06, -4.957024027168775e-09, 4.391772213985975e-10]
----------------------------
----After Mutation--- 
0 [0.0, -1.595271458786929e-12, -2.360509316801056e-13, 5.87078471229175e-11, -3.741970203928763e-10, -1.3349061458053965e-15, 7.3509037964964085e-16, 2.0495499533908524e-05, -1.1072680279252697e-06, -5.3108359951416955e-09, 4.0376392022746815e-10]
1 [0.0, -1.4158260162533609e-12, -2.0966646063595206e-13, 5.386808736491898e-11, -3.4258725185189377e-10, -1.7797112008067026e-15, 6.540190577775967e-16, 1.9660778116443364e-05, -1.2095664835175845e-06, -5.13662950870285e-09, 4.391772213985975e-10]
2 [0.0, -1.544330738864436e-12, -2.6467079336658975e-13, 5.87078471229175e-11, -4.092833041674526e-10, -1.3875071411834947e-15, 7.699387712478256e-16, 1.9391831711770193e-05, -1.2371003846137659e-06, -4.981092975969866e-09, 4.2534094748019707e-10]
3 [0.0, -1.281628691238766e-12, -1.922537344997721e-13, 5.849998515849348e-11, -3.5780538657750084e-10, -1.680891435609338e-15, 7.105542626623935e-16, 1.8238378387650108e-05, -1.1546125809296803e-06, -5.280458308848979e-09, 4.640646870534039e-10]
4 [0.0, -1.6650766601110316e-12, -2.271234857546077e-13, 5.865652445891598e-11, -4.031500893586717e-10, -1.4656332949041176e-15, 7.044064098099513e-16, 1.9438596033503226e-05, -1.3067048618108656e-06, -5.407489382797428e-09, 4.1640124152787577e-10]
5 [0.0, -1.3508913524252256e-12, -2.034399602852263e-13, 5.742528978429024e-11, -3.6184564944049116e-10, -1.5536157763259819e-15, 7.141995059579999e-16, 1.9130749786787174e-05, -1.2095664835175845e-06, -4.76413446639546e-09, 3.973017073504832e-10]
6 [0.0, -1.6284027756832944e-12, -2.6613312347220547e-13, 5.7179964369001997e-11, -4.017687893190688e-10, -1.5579528132341572e-15, 7.190666690065667e-16, 1.9344138109817565e-05, -1.3264770195306031e-06, -4.981092975969866e-09, 3.749251681904189e-10]
7 [0.0, -1.4158260162533609e-12, -2.034399602852263e-13, 5.998857128918155e-11, -3.5826584726900475e-10, -1.6331697300493152e-15, 7.375130390299031e-16, 1.8848038824827084e-05, -1.2007428154607385e-06, -5.3745943591410835e-09, 4.3007620068061285e-10]
8 [0.0, -1.544330738864436e-12, -2.48084184168114e-13, 6.34128332292628e-11, -3.994860374244767e-10, -1.5546196743770845e-15, 7.302278884030509e-16, 1.9534296918180916e-05, -1.1422236610814003e-06, -5.333813060815715e-09, 4.1640124152787577e-10]
9 [0.0, -1.369204286968463e-12, -2.0667550366438789e-13, 5.742528978429024e-11, -3.7073813031050525e-10, -1.508854374284265e-15, 7.250252118150453e-16, 1.933749719427737e-05, -1.1240224632807751e-06, -4.651493260738106e-09, 4.18385801044747e-10]
----------------------------
Train and Validation error 
476976080574.3716 1420869372439.8794
472407743431.36896 607793517719.948
605598140724.9226 332296248336.4233
662892869716.4575 2362727723057.9316
2735977831852.0913 2744085148393.7266
1208209104386.3796 802490603732.3721
6618052733085.389 8432778905580.775
589499921346.4127 399795297890.7251
389660387373.77716 731522967939.044
591413645118.1399 1910104964625.1484

-------------------NEW GENERATION-------------
[0.0, -1.544330738864436e-12, -2.6467079336658975e-13, 5.87078471229175e-11, -4.092833041674526e-10, -1.3875071411834947e-15, 7.699387712478256e-16, 1.9391831711770193e-05, -1.2371003846137659e-06, -4.981092975969866e-09, 4.2534094748019707e-10]

[0.0, -1.4158260162533609e-12, -2.034399602852263e-13, 5.998857128918155e-11, -3.5826584726900475e-10, -1.6331697300493152e-15, 7.375130390299031e-16, 1.8848038824827084e-05, -1.2007428154607385e-06, -5.3745943591410835e-09, 4.3007620068061285e-10]

[0.0, -1.4158260162533609e-12, -2.0966646063595206e-13, 5.386808736491898e-11, -3.4258725185189377e-10, -1.7797112008067026e-15, 6.540190577775967e-16, 1.9660778116443364e-05, -1.2095664835175845e-06, -5.13662950870285e-09, 4.391772213985975e-10]

[0.0, -1.544330738864436e-12, -2.48084184168114e-13, 6.34128332292628e-11, -3.994860374244767e-10, -1.5546196743770845e-15, 7.302278884030509e-16, 1.9534296918180916e-05, -1.1422236610814003e-06, -5.333813060815715e-09, 4.1640124152787577e-10]

[0.0, -1.4158260162533609e-12, -2.034399602852263e-13, 5.742528978429024e-11, -3.6184564944049116e-10, -1.4443748923053765e-15, 7.190666690065667e-16, 2.0495499533908524e-05, -1.2237018156795834e-06, -4.981092975969866e-09, 4.1640124152787577e-10]

[0.0, -1.544330738864436e-12, -2.441733946251297e-13, 5.87078471229175e-11, -3.738719307525514e-10, -1.6268868529504984e-15, 7.105542626623935e-16, 1.8848038824827084e-05, -1.2095664835175845e-06, -4.957024027168775e-09, 4.391772213985975e-10]

[0.0, -1.3508913524252256e-12, -2.034399602852263e-13, 5.742528978429024e-11, -3.6184564944049116e-10, -1.5536157763259819e-15, 7.141995059579999e-16, 1.9130749786787174e-05, -1.2095664835175845e-06, -4.76413446639546e-09, 3.973017073504832e-10]

[0.0, -1.595271458786929e-12, -2.360509316801056e-13, 5.87078471229175e-11, -3.741970203928763e-10, -1.3349061458053965e-15, 7.3509037964964085e-16, 2.0495499533908524e-05, -1.1072680279252697e-06, -5.3108359951416955e-09, 4.0376392022746815e-10]

[0.0, -1.2292172939045656e-12, -2.5946635884943443e-13, 5.5649275622623524e-11, -3.013072104104715e-10, -1.4004844902038448e-15, 7.371822165602409e-16, 2.0255090781371988e-05, -9.435027213807897e-07, -5.606137767754248e-09, 3.124827630282517e-10]

[0.0, -1.3790805386289777e-12, -2.2365321200792088e-13, 5.688230996235772e-11, -3.892160781273977e-10, -1.5557059706746728e-15, 7.83106066044517e-16, 2.0942195151307874e-05, -1.1146797625934088e-06, -4.6898941882097145e-09, 3.800605784201348e-10]

--------------------GENERATION ENDED-------------


Genetation iteration  3
--- Initial Population ----
[0.0, -1.4077856681452513e-12, -2.6494905125717393e-13, 6.231288958332001e-11, -3.970707536019587e-10, -1.3690448853733666e-15, 7.825796480047201e-16, 1.8555471894423674e-05, -1.256614529709755e-06, -4.981092975969866e-09, 3.844701738703068e-10]

[0.0, -1.5466626901903602e-12, -2.0202712504678238e-13, 5.523958788784201e-11, -3.5826584726900475e-10, -1.5284153329874253e-15, 7.430367435087934e-16, 1.816646623933376e-05, -1.0964648761155307e-06, -5.109664458955288e-09, 4.5167060925457676e-10]

[0.0, -1.4158260162533609e-12, -2.1304816409616203e-13, 5.433746357475274e-11, -3.5070119762985794e-10, -1.614181753908719e-15, 5.996671539258199e-16, 1.8148774070782427e-05, -1.1404924712291138e-06, -5.13662950870285e-09, 4.2658847888357467e-10]

[0.0, -1.556039755543742e-12, -2.48084184168114e-13, 6.914563919247198e-11, -3.923596264423911e-10, -1.6967378481811335e-15, 7.302278884030509e-16, 1.8570271384256088e-05, -1.2117167141146938e-06, -4.923790949313452e-09, 4.1847902562656066e-10]

[0.0, -1.4203612177662637e-12, -2.19565131050185e-13, 5.831966884744159e-11, -3.824492562210155e-10, -1.429614550507036e-15, 7.004512519985847e-16, 2.1621529216761307e-05, -1.1111522452740185e-06, -4.8117954649961696e-09, 4.172769797441069e-10]

[0.0, -1.544330738864436e-12, -2.286828353886188e-13, 5.902244199975653e-11, -3.738719307525514e-10, -1.610118814199833e-15, 6.518517400570979e-16, 1.9714304272402075e-05, -1.2817290318152179e-06, -4.506910156156012e-09, 4.703446775911911e-10]

[0.0, -1.2608501519179337e-12, -2.0875247542200177e-13, 5.926611056510065e-11, -3.7228533050320457e-10, -1.6924223856082322e-15, 7.616117871556246e-16, 1.9130749786787174e-05, -1.235228726657801e-06, -4.76413446639546e-09, 4.320634766534162e-10]

[0.0, -1.6477104577110745e-12, -2.527051992235996e-13, 5.646533607621543e-11, -3.495900262648708e-10, -1.4220652706803163e-15, 7.297602707624304e-16, 2.241451235988951e-05, -1.1778040001344649e-06, -4.9373650851146975e-09, 4.0866004785931973e-10]

[0.0, -1.229543211779269e-12, -2.8406702479958765e-13, 5.5649275622623524e-11, -2.7914228118570727e-10, -1.4004844902038448e-15, 7.432262272792752e-16, 2.0809338327325086e-05, -8.691981675085224e-07, -6.11556991648107e-09, 3.124827630282517e-10]

[0.0, -1.2542318881422093e-12, -2.2365321200792088e-13, 5.683708767577764e-11, -3.892160781273977e-10, -1.4578741597683897e-15, 8.491611262593443e-16, 2.0942195151307874e-05, -1.2229897145127289e-06, -4.674681761942302e-09, 3.439221561933871e-10]

----------------------------
Train and Validation error 
3205031531663.165 3496548819133.9463
1275484463478.597 4161401090839.706
352306842561.6273 755690513973.956
902352311776.0131 547359471348.0116
1330783357242.766 4060046228406.2563
451738016862.2131 1099108315109.8503
628754907626.1445 404435464225.4513
576837564823.2378 1332080331463.4348
540347897348.34534 1558264926223.5425
3523543073182.279 3636364365002.1953
After Selection (Parents Selected) 
[0.0, -1.4158260162533609e-12, -2.1304816409616203e-13, 5.433746357475274e-11, -3.5070119762985794e-10, -1.614181753908719e-15, 5.996671539258199e-16, 1.8148774070782427e-05, -1.1404924712291138e-06, -5.13662950870285e-09, 4.2658847888357467e-10]
[0.0, -1.2608501519179337e-12, -2.0875247542200177e-13, 5.926611056510065e-11, -3.7228533050320457e-10, -1.6924223856082322e-15, 7.616117871556246e-16, 1.9130749786787174e-05, -1.235228726657801e-06, -4.76413446639546e-09, 4.320634766534162e-10]
----------------------------
---After Crossover----
0 [0.0, -1.4158260162533609e-12, -2.1304816409616203e-13, 5.433746357475274e-11, -3.5070119762985794e-10, -1.6924223856082322e-15, 7.616117871556246e-16, 1.9130749786787174e-05, -1.235228726657801e-06, -4.76413446639546e-09, 4.320634766534162e-10]
1 [0.0, -1.2608501519179337e-12, -2.0875247542200177e-13, 5.926611056510065e-11, -3.7228533050320457e-10, -1.614181753908719e-15, 5.996671539258199e-16, 1.8148774070782427e-05, -1.1404924712291138e-06, -5.13662950870285e-09, 4.2658847888357467e-10]
2 [0.0, -1.4158260162533609e-12, -2.1304816409616203e-13, 5.433746357475274e-11, -3.5070119762985794e-10, -1.6924223856082322e-15, 7.616117871556246e-16, 1.9130749786787174e-05, -1.235228726657801e-06, -4.76413446639546e-09, 4.320634766534162e-10]
3 [0.0, -1.2608501519179337e-12, -2.0875247542200177e-13, 5.926611056510065e-11, -3.7228533050320457e-10, -1.614181753908719e-15, 5.996671539258199e-16, 1.8148774070782427e-05, -1.1404924712291138e-06, -5.13662950870285e-09, 4.2658847888357467e-10]
4 [0.0, -1.4158260162533609e-12, -2.1304816409616203e-13, 5.433746357475274e-11, -3.5070119762985794e-10, -1.6924223856082322e-15, 7.616117871556246e-16, 1.9130749786787174e-05, -1.235228726657801e-06, -4.76413446639546e-09, 4.320634766534162e-10]
5 [0.0, -1.2608501519179337e-12, -2.0875247542200177e-13, 5.926611056510065e-11, -3.7228533050320457e-10, -1.614181753908719e-15, 5.996671539258199e-16, 1.8148774070782427e-05, -1.1404924712291138e-06, -5.13662950870285e-09, 4.2658847888357467e-10]
6 [0.0, -1.4158260162533609e-12, -2.1304816409616203e-13, 5.433746357475274e-11, -3.5070119762985794e-10, -1.6924223856082322e-15, 7.616117871556246e-16, 1.9130749786787174e-05, -1.235228726657801e-06, -4.76413446639546e-09, 4.320634766534162e-10]
7 [0.0, -1.2608501519179337e-12, -2.0875247542200177e-13, 5.926611056510065e-11, -3.7228533050320457e-10, -1.614181753908719e-15, 5.996671539258199e-16, 1.8148774070782427e-05, -1.1404924712291138e-06, -5.13662950870285e-09, 4.2658847888357467e-10]
8 [0.0, -1.4158260162533609e-12, -2.1304816409616203e-13, 5.433746357475274e-11, -3.5070119762985794e-10, -1.6924223856082322e-15, 7.616117871556246e-16, 1.9130749786787174e-05, -1.235228726657801e-06, -4.76413446639546e-09, 4.320634766534162e-10]
9 [0.0, -1.2608501519179337e-12, -2.0875247542200177e-13, 5.926611056510065e-11, -3.7228533050320457e-10, -1.614181753908719e-15, 5.996671539258199e-16, 1.8148774070782427e-05, -1.1404924712291138e-06, -5.13662950870285e-09, 4.2658847888357467e-10]
----------------------------
----After Mutation--- 
0 [0.0, -1.2854414507432364e-12, -2.2564388406744599e-13, 5.757288742799761e-11, -3.7874395655361194e-10, -1.6924223856082322e-15, 7.693485700145567e-16, 1.734955048298736e-05, -1.2064327756273463e-06, -4.3111353799998984e-09, 3.954832429966839e-10]
1 [0.0, -1.1920620563548922e-12, -2.268004696993447e-13, 5.390312427167579e-11, -3.6724882704837355e-10, -1.5820540629110884e-15, 6.172334068639162e-16, 1.8148774070782427e-05, -1.0455211543328978e-06, -5.2763634986312515e-09, 3.9973617222516533e-10]
2 [0.0, -1.5106040122537792e-12, -1.9423109219360792e-13, 5.5812514512828046e-11, -3.3861016772265764e-10, -1.824047964281818e-15, 8.053489619443284e-16, 1.891106170695544e-05, -1.3353254050103978e-06, -4.932910193291566e-09, 4.160151038745763e-10]
3 [0.0, -1.2346163957872002e-12, -2.1092301780608903e-13, 6.221635465324864e-11, -3.7228533050320457e-10, -1.614181753908719e-15, 5.424238118877064e-16, 1.8238854730222164e-05, -1.11745038906894e-06, -4.982427469749934e-09, 4.646845981531772e-10]
4 [0.0, -1.470974983343502e-12, -2.2705758697509194e-13, 5.443331920923735e-11, -3.3888968743962503e-10, -1.6924223856082322e-15, 7.616117871556246e-16, 2.027132133377965e-05, -1.192058178590194e-06, -4.5032288614970255e-09, 3.9246897631353994e-10]
5 [0.0, -1.1932874510019084e-12, -2.0573077214153943e-13, 5.926611056510065e-11, -3.900768270791803e-10, -1.614181753908719e-15, 5.996671539258199e-16, 1.8148774070782427e-05, -1.1147342058339984e-06, -4.636587884749826e-09, 4.043803079932004e-10]
6 [0.0, -1.357130749762843e-12, -2.251116005969827e-13, 5.636609088341073e-11, -3.5070119762985794e-10, -1.6409942242859782e-15, 7.616117871556246e-16, 1.7938729741609655e-05, -1.235228726657801e-06, -5.05833607395856e-09, 4.4117805128775914e-10]
7 [0.0, -1.2608501519179337e-12, -2.272011985739349e-13, 6.387522941728351e-11, -3.7228533050320457e-10, -1.579149148939691e-15, 6.273646328592085e-16, 1.638622253689325e-05, -1.0708890749026235e-06, -5.343937162030918e-09, 3.8889271060892344e-10]
8 [0.0, -1.3339957682037897e-12, -1.9289863784905713e-13, 5.6836003914707037e-11, -3.2367791818110144e-10, -1.8201203281972947e-15, 7.046020616673986e-16, 1.9621955213068627e-05, -1.3083306402983943e-06, -4.661167878324712e-09, 4.188047170064165e-10]
9 [0.0, -1.156567615413416e-12, -2.0875247542200177e-13, 6.06481682047911e-11, -3.9328960359874373e-10, -1.5948101599788608e-15, 6.029036182833855e-16, 1.882455588077613e-05, -1.149795949351494e-06, -5.425082889863899e-09, 4.675014849172153e-10]
----------------------------
Train and Validation error 
1620773720804.5942 1245147555832.355
429718748267.174 1360171839872.3596
4037175029152.0103 4310431364763.7695
1513405081686.2556 4839528868900.008
868255804844.151 534266252277.74084
390684170027.47253 773404321467.8713
676060275577.5281 392312256879.3589
671931778777.7502 482823721397.8583
2292645383622.192 1870967318869.9578
935732059501.3611 3192493389494.908

-------------------NEW GENERATION-------------
[0.0, -1.2608501519179337e-12, -2.0875247542200177e-13, 5.926611056510065e-11, -3.7228533050320457e-10, -1.6924223856082322e-15, 7.616117871556246e-16, 1.9130749786787174e-05, -1.235228726657801e-06, -4.76413446639546e-09, 4.320634766534162e-10]

[0.0, -1.357130749762843e-12, -2.251116005969827e-13, 5.636609088341073e-11, -3.5070119762985794e-10, -1.6409942242859782e-15, 7.616117871556246e-16, 1.7938729741609655e-05, -1.235228726657801e-06, -5.05833607395856e-09, 4.4117805128775914e-10]

[0.0, -1.2608501519179337e-12, -2.272011985739349e-13, 6.387522941728351e-11, -3.7228533050320457e-10, -1.579149148939691e-15, 6.273646328592085e-16, 1.638622253689325e-05, -1.0708890749026235e-06, -5.343937162030918e-09, 3.8889271060892344e-10]

[0.0, -1.4158260162533609e-12, -2.1304816409616203e-13, 5.433746357475274e-11, -3.5070119762985794e-10, -1.614181753908719e-15, 5.996671539258199e-16, 1.8148774070782427e-05, -1.1404924712291138e-06, -5.13662950870285e-09, 4.2658847888357467e-10]

[0.0, -1.556039755543742e-12, -2.48084184168114e-13, 6.914563919247198e-11, -3.923596264423911e-10, -1.6967378481811335e-15, 7.302278884030509e-16, 1.8570271384256088e-05, -1.2117167141146938e-06, -4.923790949313452e-09, 4.1847902562656066e-10]

[0.0, -1.470974983343502e-12, -2.2705758697509194e-13, 5.443331920923735e-11, -3.3888968743962503e-10, -1.6924223856082322e-15, 7.616117871556246e-16, 2.027132133377965e-05, -1.192058178590194e-06, -4.5032288614970255e-09, 3.9246897631353994e-10]

[0.0, -1.1932874510019084e-12, -2.0573077214153943e-13, 5.926611056510065e-11, -3.900768270791803e-10, -1.614181753908719e-15, 5.996671539258199e-16, 1.8148774070782427e-05, -1.1147342058339984e-06, -4.636587884749826e-09, 4.043803079932004e-10]

[0.0, -1.544330738864436e-12, -2.286828353886188e-13, 5.902244199975653e-11, -3.738719307525514e-10, -1.610118814199833e-15, 6.518517400570979e-16, 1.9714304272402075e-05, -1.2817290318152179e-06, -4.506910156156012e-09, 4.703446775911911e-10]

[0.0, -1.6477104577110745e-12, -2.527051992235996e-13, 5.646533607621543e-11, -3.495900262648708e-10, -1.4220652706803163e-15, 7.297602707624304e-16, 2.241451235988951e-05, -1.1778040001344649e-06, -4.9373650851146975e-09, 4.0866004785931973e-10]

[0.0, -1.1920620563548922e-12, -2.268004696993447e-13, 5.390312427167579e-11, -3.6724882704837355e-10, -1.5820540629110884e-15, 6.172334068639162e-16, 1.8148774070782427e-05, -1.0455211543328978e-06, -5.2763634986312515e-09, 3.9973617222516533e-10]

--------------------GENERATION ENDED-------------


Train and Validation error 
628754907626.1445 404435464225.4513
676060275577.5281 392312256879.3589
671931778777.7502 482823721397.8583
352306842561.6273 755690513973.956
902352311776.0131 547359471348.0116
868255804844.151 534266252277.74084
390684170027.47253 773404321467.8713
451738016862.2131 1099108315109.8503
576837564823.2378 1332080331463.4348
429718748267.174 1360171839872.3596
-------------------NEW GENERATION-------------

[0.0, -1.2608501519179337e-12, -2.0875247542200177e-13, 5.926611056510065e-11, -3.7228533050320457e-10, -1.6924223856082322e-15, 7.616117871556246e-16, 1.9130749786787174e-05, -1.235228726657801e-06, -4.76413446639546e-09, 4.320634766534162e-10]

[0.0, -1.357130749762843e-12, -2.251116005969827e-13, 5.636609088341073e-11, -3.5070119762985794e-10, -1.6409942242859782e-15, 7.616117871556246e-16, 1.7938729741609655e-05, -1.235228726657801e-06, -5.05833607395856e-09, 4.4117805128775914e-10]

[0.0, -1.2608501519179337e-12, -2.272011985739349e-13, 6.387522941728351e-11, -3.7228533050320457e-10, -1.579149148939691e-15, 6.273646328592085e-16, 1.638622253689325e-05, -1.0708890749026235e-06, -5.343937162030918e-09, 3.8889271060892344e-10]

[0.0, -1.4158260162533609e-12, -2.1304816409616203e-13, 5.433746357475274e-11, -3.5070119762985794e-10, -1.614181753908719e-15, 5.996671539258199e-16, 1.8148774070782427e-05, -1.1404924712291138e-06, -5.13662950870285e-09, 4.2658847888357467e-10]

[0.0, -1.556039755543742e-12, -2.48084184168114e-13, 6.914563919247198e-11, -3.923596264423911e-10, -1.6967378481811335e-15, 7.302278884030509e-16, 1.8570271384256088e-05, -1.2117167141146938e-06, -4.923790949313452e-09, 4.1847902562656066e-10]

[0.0, -1.470974983343502e-12, -2.2705758697509194e-13, 5.443331920923735e-11, -3.3888968743962503e-10, -1.6924223856082322e-15, 7.616117871556246e-16, 2.027132133377965e-05, -1.192058178590194e-06, -4.5032288614970255e-09, 3.9246897631353994e-10]

[0.0, -1.1932874510019084e-12, -2.0573077214153943e-13, 5.926611056510065e-11, -3.900768270791803e-10, -1.614181753908719e-15, 5.996671539258199e-16, 1.8148774070782427e-05, -1.1147342058339984e-06, -4.636587884749826e-09, 4.043803079932004e-10]

[0.0, -1.544330738864436e-12, -2.286828353886188e-13, 5.902244199975653e-11, -3.738719307525514e-10, -1.610118814199833e-15, 6.518517400570979e-16, 1.9714304272402075e-05, -1.2817290318152179e-06, -4.506910156156012e-09, 4.703446775911911e-10]

[0.0, -1.6477104577110745e-12, -2.527051992235996e-13, 5.646533607621543e-11, -3.495900262648708e-10, -1.4220652706803163e-15, 7.297602707624304e-16, 2.241451235988951e-05, -1.1778040001344649e-06, -4.9373650851146975e-09, 4.0866004785931973e-10]

[0.0, -1.1920620563548922e-12, -2.268004696993447e-13, 5.390312427167579e-11, -3.6724882704837355e-10, -1.5820540629110884e-15, 6.172334068639162e-16, 1.8148774070782427e-05, -1.0455211543328978e-06, -5.2763634986312515e-09, 3.9973617222516533e-10]

--------------------GENERATION ENDED-------------

Final Vector submitted
[0.0, -1.1920620563548922e-12, -2.268004696993447e-13, 5.390312427167579e-11, -3.6724882704837355e-10, -1.5820540629110884e-15, 6.172334068639162e-16, 1.8148774070782427e-05, -1.0455211543328978e-06, -5.2763634986312515e-09, 3.9973617222516533e-10]

