Genetation iteration  0
--- Initial Population ----
[0.0, -1.1082609004965552e-12, -2.1950916179566256e-13, 6.136768716808424e-11, -2.4997443879069937e-10, -1.4701340548041638e-15, 7.587954568326007e-16, 1.817537303598722e-05, -1.73973666651121e-06, -9.123960032772064e-09, 6.635365034112164e-10]

[0.0, -9.560446770281028e-13, -2.0664604159773948e-13, 5.950622721495675e-11, -2.1510541332182855e-10, -1.445057355198653e-15, 7.341345514562039e-16, 1.919539547493081e-05, -1.612057394746242e-06, -9.480312670142555e-09, 6.552023402418328e-10]

[0.0, -1.0191953828112395e-12, -2.1056584143048e-13, 6.582708774418068e-11, -2.166131869769603e-10, -1.3363642288610542e-15, 8.375749733005946e-16, 1.6223798996163557e-05, -1.483466312425423e-06, -7.681650775098464e-09, 6.490115273753333e-10]

[0.0, -9.612011510976225e-13, -2.3827192300533014e-13, 5.766576272606092e-11, -2.2325791122415046e-10, -1.4701340548041638e-15, 7.423292229799371e-16, 1.8988548083255872e-05, -1.5573020946033203e-06, -7.882945522272569e-09, 5.738565288085522e-10]

[0.0, -8.797846777855169e-13, -2.02004815585952e-13, 6.896471256778427e-11, -2.198723421208579e-10, -1.4048782946801599e-15, 7.389043541249312e-16, 1.689639306779141e-05, -1.7668979775723903e-06, -9.279299013512842e-09, 7.14994108592521e-10]

[0.0, -8.52178263526545e-13, -2.1389652029304123e-13, 5.859606659162407e-11, -2.5812527396541585e-10, -1.3407975785607618e-15, 6.361692727579555e-16, 1.8641160431629183e-05, -1.6800774615121484e-06, -8.010905059881318e-09, 6.563194902345511e-10]

[0.0, -1.088566700398086e-12, -2.276275399979811e-13, 6.470958776905467e-11, -1.9782748607240132e-10, -1.3075084027037629e-15, 7.630193899128176e-16, 1.702955759362959e-05, -1.5830574740495765e-06, -8.834214063165069e-09, 6.496200372121591e-10]

[0.0, -1.1301397769219567e-12, -2.0184836549407376e-13, 7.361608816410976e-11, -2.4962694000177623e-10, -1.483944608948496e-15, 7.101564482364406e-16, 2.0069239972886564e-05, -1.6474548135559285e-06, -9.138207851245385e-09, 5.94518812336567e-10]

[0.0, -1.0109112865706346e-12, -2.1966974703186126e-13, 7.222847645048727e-11, -2.5288714192818357e-10, -1.2999247515891457e-15, 8.759065197592085e-16, 2.033905192958637e-05, -1.5732525179076306e-06, -9.578963246193118e-09, 7.557182304621601e-10]

[0.0, -1.1803147841790665e-12, -2.0708232272643279e-13, 7.74548751175988e-11, -2.208592106830534e-10, -1.4760405563590637e-15, 8.567275543789511e-16, 2.0785272176901217e-05, -1.6339669820981241e-06, -7.81665752495137e-09, 7.078819444121412e-10]

----------------------------
Train and Validation error 
4249823962036.2705 5795257330870.828
1117332348392.7673 994701655088.4086
159773676613.72003 811808353017.2628
2762991841633.452 3149621372991.6895
2164795021988.2292 2723746856059.7085
1158197700674.6655 1026465276295.8939
886556765991.3594 798683817566.6357
5635837010635.15 7734853884214.159
3026087170539.891 7894510891286.57
993672753155.2654 3053022878707.2334
After Selection (Parents Selected) 
[0.0, -1.088566700398086e-12, -2.276275399979811e-13, 6.470958776905467e-11, -1.9782748607240132e-10, -1.3075084027037629e-15, 7.630193899128176e-16, 1.702955759362959e-05, -1.5830574740495765e-06, -8.834214063165069e-09, 6.496200372121591e-10]
[0.0, -1.0191953828112395e-12, -2.1056584143048e-13, 6.582708774418068e-11, -2.166131869769603e-10, -1.3363642288610542e-15, 8.375749733005946e-16, 1.6223798996163557e-05, -1.483466312425423e-06, -7.681650775098464e-09, 6.490115273753333e-10]
----------------------------
---After Crossover----
0 [0.0, -1.088566700398086e-12, -2.276275399979811e-13, 6.470958776905467e-11, -1.9782748607240132e-10, -1.3363642288610542e-15, 8.375749733005946e-16, 1.6223798996163557e-05, -1.483466312425423e-06, -7.681650775098464e-09, 6.490115273753333e-10]
1 [0.0, -1.0191953828112395e-12, -2.1056584143048e-13, 6.582708774418068e-11, -2.166131869769603e-10, -1.3075084027037629e-15, 7.630193899128176e-16, 1.702955759362959e-05, -1.5830574740495765e-06, -8.834214063165069e-09, 6.496200372121591e-10]
2 [0.0, -1.088566700398086e-12, -2.276275399979811e-13, 6.470958776905467e-11, -1.9782748607240132e-10, -1.3363642288610542e-15, 8.375749733005946e-16, 1.6223798996163557e-05, -1.483466312425423e-06, -7.681650775098464e-09, 6.490115273753333e-10]
3 [0.0, -1.0191953828112395e-12, -2.1056584143048e-13, 6.582708774418068e-11, -2.166131869769603e-10, -1.3075084027037629e-15, 7.630193899128176e-16, 1.702955759362959e-05, -1.5830574740495765e-06, -8.834214063165069e-09, 6.496200372121591e-10]
4 [0.0, -1.088566700398086e-12, -2.276275399979811e-13, 6.470958776905467e-11, -1.9782748607240132e-10, -1.3363642288610542e-15, 8.375749733005946e-16, 1.6223798996163557e-05, -1.483466312425423e-06, -7.681650775098464e-09, 6.490115273753333e-10]
5 [0.0, -1.0191953828112395e-12, -2.1056584143048e-13, 6.582708774418068e-11, -2.166131869769603e-10, -1.3075084027037629e-15, 7.630193899128176e-16, 1.702955759362959e-05, -1.5830574740495765e-06, -8.834214063165069e-09, 6.496200372121591e-10]
6 [0.0, -1.088566700398086e-12, -2.276275399979811e-13, 6.470958776905467e-11, -1.9782748607240132e-10, -1.3363642288610542e-15, 8.375749733005946e-16, 1.6223798996163557e-05, -1.483466312425423e-06, -7.681650775098464e-09, 6.490115273753333e-10]
7 [0.0, -1.0191953828112395e-12, -2.1056584143048e-13, 6.582708774418068e-11, -2.166131869769603e-10, -1.3075084027037629e-15, 7.630193899128176e-16, 1.702955759362959e-05, -1.5830574740495765e-06, -8.834214063165069e-09, 6.496200372121591e-10]
8 [0.0, -1.088566700398086e-12, -2.276275399979811e-13, 6.470958776905467e-11, -1.9782748607240132e-10, -1.3363642288610542e-15, 8.375749733005946e-16, 1.6223798996163557e-05, -1.483466312425423e-06, -7.681650775098464e-09, 6.490115273753333e-10]
9 [0.0, -1.0191953828112395e-12, -2.1056584143048e-13, 6.582708774418068e-11, -2.166131869769603e-10, -1.3075084027037629e-15, 7.630193899128176e-16, 1.702955759362959e-05, -1.5830574740495765e-06, -8.834214063165069e-09, 6.496200372121591e-10]
----------------------------
----After Mutation--- 
0 [0.0, -1.052769144186128e-12, -2.468474971722545e-13, 6.470958776905467e-11, -1.9782748607240132e-10, -1.2576104054550227e-15, 7.806619696810687e-16, 1.624492472171588e-05, -1.5923602438952578e-06, -8.307507825975222e-09, 6.490115273753333e-10]
1 [0.0, -9.355708121011532e-13, -2.1871660982300339e-13, 6.413451485333354e-11, -2.166131869769603e-10, -1.3075084027037629e-15, 8.110105678522946e-16, 1.702955759362959e-05, -1.522199738190402e-06, -9.13516650793986e-09, 6.865739024229856e-10]
2 [0.0, -1.170046438691973e-12, -2.2984034131473454e-13, 7.095490073753083e-11, -1.8214112861943067e-10, -1.3295581631013266e-15, 8.557999567812006e-16, 1.5236406196940805e-05, -1.384866375727677e-06, -8.317759487391698e-09, 6.490115273753333e-10]
3 [0.0, -9.45604661799538e-13, -2.0133600644278884e-13, 6.790903255570982e-11, -2.018765598775165e-10, -1.3712299663093492e-15, 7.999259545882387e-16, 1.6697488513558964e-05, -1.5830574740495765e-06, -9.47904000578689e-09, 5.987789242213641e-10]
4 [0.0, -1.0165189117238669e-12, -2.2514669022089704e-13, 6.470958776905467e-11, -1.9782748607240132e-10, -1.2043606391958449e-15, 8.375749733005946e-16, 1.6860950404801657e-05, -1.5741093313820722e-06, -7.840417554827253e-09, 5.949574699646631e-10]
5 [0.0, -1.0191953828112395e-12, -2.257916967904632e-13, 5.988639475238778e-11, -2.1128760147144064e-10, -1.3359943861716594e-15, 7.181297668558609e-16, 1.5759635430537902e-05, -1.4825386957434527e-06, -8.611506706962228e-09, 6.222728254801602e-10]
6 [0.0, -1.0243089563483389e-12, -2.3212470613863487e-13, 6.730268593083451e-11, -1.9704958501549229e-10, -1.3363642288610542e-15, 8.551514178597114e-16, 1.6223798996163557e-05, -1.36121500966874e-06, -7.070002577595962e-09, 6.164424492695308e-10]
7 [0.0, -1.0191953828112395e-12, -2.292427549017055e-13, 6.547784123891066e-11, -2.166131869769603e-10, -1.4356910586458738e-15, 8.332146696028715e-16, 1.8437408867162485e-05, -1.5830574740495765e-06, -8.82402484571922e-09, 6.287777086362444e-10]
8 [0.0, -1.0295901688666972e-12, -2.156078071063378e-13, 6.671913963446237e-11, -1.903493048704762e-10, -1.2469411073505944e-15, 7.61737669401033e-16, 1.5273072882310285e-05, -1.511555170380965e-06, -7.681650775098464e-09, 6.341325392062292e-10]
9 [0.0, -1.0295623732761498e-12, -1.9127416579056364e-13, 6.7124405931203e-11, -2.166131869769603e-10, -1.2165829071693736e-15, 7.061660897971044e-16, 1.5431760423189567e-05, -1.7307817898670946e-06, -9.125696804023715e-09, 6.107372022909045e-10]
----------------------------
Train and Validation error 
855378739193.5238 786722925964.5142
132024862527.47188 728359731667.3938
638582193790.6394 2216675837398.4873
5677434503660.511 8246375422681.872
2451945463255.5522 3046305166003.3135
602336875664.1443 435346729769.86694
1068821474449.7545 3417209226979.385
1451184001030.5103 1427156817217.76
195868578525.83197 82324741560.77737
11921696324925.38 19518742181012.977

-------------------NEW GENERATION-------------
[0.0, -1.0295901688666972e-12, -2.156078071063378e-13, 6.671913963446237e-11, -1.903493048704762e-10, -1.2469411073505944e-15, 7.61737669401033e-16, 1.5273072882310285e-05, -1.511555170380965e-06, -7.681650775098464e-09, 6.341325392062292e-10]

[0.0, -1.0191953828112395e-12, -2.257916967904632e-13, 5.988639475238778e-11, -2.1128760147144064e-10, -1.3359943861716594e-15, 7.181297668558609e-16, 1.5759635430537902e-05, -1.4825386957434527e-06, -8.611506706962228e-09, 6.222728254801602e-10]

[0.0, -9.355708121011532e-13, -2.1871660982300339e-13, 6.413451485333354e-11, -2.166131869769603e-10, -1.3075084027037629e-15, 8.110105678522946e-16, 1.702955759362959e-05, -1.522199738190402e-06, -9.13516650793986e-09, 6.865739024229856e-10]

[0.0, -1.0191953828112395e-12, -2.1056584143048e-13, 6.582708774418068e-11, -2.166131869769603e-10, -1.3363642288610542e-15, 8.375749733005946e-16, 1.6223798996163557e-05, -1.483466312425423e-06, -7.681650775098464e-09, 6.490115273753333e-10]

[0.0, -1.052769144186128e-12, -2.468474971722545e-13, 6.470958776905467e-11, -1.9782748607240132e-10, -1.2576104054550227e-15, 7.806619696810687e-16, 1.624492472171588e-05, -1.5923602438952578e-06, -8.307507825975222e-09, 6.490115273753333e-10]

[0.0, -1.088566700398086e-12, -2.276275399979811e-13, 6.470958776905467e-11, -1.9782748607240132e-10, -1.3075084027037629e-15, 7.630193899128176e-16, 1.702955759362959e-05, -1.5830574740495765e-06, -8.834214063165069e-09, 6.496200372121591e-10]

[0.0, -9.560446770281028e-13, -2.0664604159773948e-13, 5.950622721495675e-11, -2.1510541332182855e-10, -1.445057355198653e-15, 7.341345514562039e-16, 1.919539547493081e-05, -1.612057394746242e-06, -9.480312670142555e-09, 6.552023402418328e-10]

[0.0, -8.52178263526545e-13, -2.1389652029304123e-13, 5.859606659162407e-11, -2.5812527396541585e-10, -1.3407975785607618e-15, 6.361692727579555e-16, 1.8641160431629183e-05, -1.6800774615121484e-06, -8.010905059881318e-09, 6.563194902345511e-10]

[0.0, -1.0191953828112395e-12, -2.292427549017055e-13, 6.547784123891066e-11, -2.166131869769603e-10, -1.4356910586458738e-15, 8.332146696028715e-16, 1.8437408867162485e-05, -1.5830574740495765e-06, -8.82402484571922e-09, 6.287777086362444e-10]

[0.0, -1.170046438691973e-12, -2.2984034131473454e-13, 7.095490073753083e-11, -1.8214112861943067e-10, -1.3295581631013266e-15, 8.557999567812006e-16, 1.5236406196940805e-05, -1.384866375727677e-06, -8.317759487391698e-09, 6.490115273753333e-10]

--------------------GENERATION ENDED-------------


Genetation iteration  1
--- Initial Population ----
[0.0, -1.0543336588430536e-12, -2.1584208058385998e-13, 6.671913963446237e-11, -1.9021192772620258e-10, -1.2469411073505944e-15, 7.61737669401033e-16, 1.5273072882310285e-05, -1.586931417757145e-06, -7.681650775098464e-09, 5.774535155821685e-10]

[0.0, -1.0016655166075246e-12, -2.0530618674129772e-13, 6.012672469550633e-11, -2.3239354322328375e-10, -1.3357070798702573e-15, 7.16145257736137e-16, 1.7150730495721798e-05, -1.3861974155608173e-06, -8.611506706962228e-09, 6.727372857775096e-10]

[0.0, -9.828001243955225e-13, -2.3026755637109496e-13, 5.966336213323511e-11, -2.166131869769603e-10, -1.3376369481580494e-15, 7.7475809529839e-16, 1.6459585008791246e-05, -1.6373906870604068e-06, -8.50431283117677e-09, 6.865739024229856e-10]

[0.0, -1.0191953828112395e-12, -1.9319404437436555e-13, 6.464937983343133e-11, -2.363523602984238e-10, -1.3363642288610542e-15, 8.074077384170969e-16, 1.7623921133971552e-05, -1.4861790844422147e-06, -7.084515964589921e-09, 7.09548229281056e-10]

[0.0, -9.477650440089914e-13, -2.394419970865814e-13, 6.793600928779215e-11, -1.8635134832467843e-10, -1.1423644557395976e-15, 8.159788469297529e-16, 1.6364493872530207e-05, -1.5923602438952578e-06, -8.810874158944887e-09, 6.436191533106975e-10]

[0.0, -1.088566700398086e-12, -2.299964044843165e-13, 6.081407405158262e-11, -1.9782748607240132e-10, -1.1798624592097017e-15, 7.820868883014209e-16, 1.702955759362959e-05, -1.4889171081865046e-06, -9.56950632532203e-09, 6.326804810518814e-10]

[0.0, -9.541440574845613e-13, -2.0664604159773948e-13, 5.537124226520909e-11, -2.1510541332182855e-10, -1.3073501722331248e-15, 7.341345514562039e-16, 2.0821270241196716e-05, -1.4526353522353102e-06, -9.480312670142555e-09, 6.552023402418328e-10]

[0.0, -8.114730192589278e-13, -1.9631059455189797e-13, 5.429281279481513e-11, -2.4172663281170414e-10, -1.2257031654201167e-15, 6.689826195044386e-16, 1.7909578669338634e-05, -1.7460127415488276e-06, -8.03617232001126e-09, 6.15514962553685e-10]

[0.0, -1.0191953828112395e-12, -2.5135592372545485e-13, 6.438887722793898e-11, -2.166131869769603e-10, -1.4356910586458738e-15, 7.973130630345815e-16, 1.8521717070630444e-05, -1.5830574740495765e-06, -9.061930827862371e-09, 6.819279900720987e-10]

[0.0, -1.110484873199623e-12, -2.3705536842327235e-13, 7.731865635590989e-11, -1.8214112861943067e-10, -1.3295581631013266e-15, 8.87970660412712e-16, 1.3775726215745697e-05, -1.5094369115959877e-06, -7.619753673037974e-09, 6.481938134501564e-10]

----------------------------
Train and Validation error 
5233822030720.935 7609181675441.51
2218419866580.747 6145122406618.549
400629080747.3598 253450103015.6456
4447964967800.428 11155043138356.293
1351963906106.919 1545919330007.2473
498009758023.5031 351312204707.8334
742762420443.5022 2533601774242.1963
6705705396246.877 10003616316724.213
86620866061.68164 154361876539.19287
170347945221.58142 80918394317.41257
After Selection (Parents Selected) 
[0.0, -1.0191953828112395e-12, -2.5135592372545485e-13, 6.438887722793898e-11, -2.166131869769603e-10, -1.4356910586458738e-15, 7.973130630345815e-16, 1.8521717070630444e-05, -1.5830574740495765e-06, -9.061930827862371e-09, 6.819279900720987e-10]
[0.0, -1.110484873199623e-12, -2.3705536842327235e-13, 7.731865635590989e-11, -1.8214112861943067e-10, -1.3295581631013266e-15, 8.87970660412712e-16, 1.3775726215745697e-05, -1.5094369115959877e-06, -7.619753673037974e-09, 6.481938134501564e-10]
----------------------------
---After Crossover----
0 [0.0, -1.0191953828112395e-12, -2.5135592372545485e-13, 6.438887722793898e-11, -2.166131869769603e-10, -1.3295581631013266e-15, 8.87970660412712e-16, 1.3775726215745697e-05, -1.5094369115959877e-06, -7.619753673037974e-09, 6.481938134501564e-10]
1 [0.0, -1.110484873199623e-12, -2.3705536842327235e-13, 7.731865635590989e-11, -1.8214112861943067e-10, -1.4356910586458738e-15, 7.973130630345815e-16, 1.8521717070630444e-05, -1.5830574740495765e-06, -9.061930827862371e-09, 6.819279900720987e-10]
2 [0.0, -1.0191953828112395e-12, -2.5135592372545485e-13, 6.438887722793898e-11, -2.166131869769603e-10, -1.3295581631013266e-15, 8.87970660412712e-16, 1.3775726215745697e-05, -1.5094369115959877e-06, -7.619753673037974e-09, 6.481938134501564e-10]
3 [0.0, -1.110484873199623e-12, -2.3705536842327235e-13, 7.731865635590989e-11, -1.8214112861943067e-10, -1.4356910586458738e-15, 7.973130630345815e-16, 1.8521717070630444e-05, -1.5830574740495765e-06, -9.061930827862371e-09, 6.819279900720987e-10]
4 [0.0, -1.0191953828112395e-12, -2.5135592372545485e-13, 6.438887722793898e-11, -2.166131869769603e-10, -1.3295581631013266e-15, 8.87970660412712e-16, 1.3775726215745697e-05, -1.5094369115959877e-06, -7.619753673037974e-09, 6.481938134501564e-10]
5 [0.0, -1.110484873199623e-12, -2.3705536842327235e-13, 7.731865635590989e-11, -1.8214112861943067e-10, -1.4356910586458738e-15, 7.973130630345815e-16, 1.8521717070630444e-05, -1.5830574740495765e-06, -9.061930827862371e-09, 6.819279900720987e-10]
6 [0.0, -1.0191953828112395e-12, -2.5135592372545485e-13, 6.438887722793898e-11, -2.166131869769603e-10, -1.3295581631013266e-15, 8.87970660412712e-16, 1.3775726215745697e-05, -1.5094369115959877e-06, -7.619753673037974e-09, 6.481938134501564e-10]
7 [0.0, -1.110484873199623e-12, -2.3705536842327235e-13, 7.731865635590989e-11, -1.8214112861943067e-10, -1.4356910586458738e-15, 7.973130630345815e-16, 1.8521717070630444e-05, -1.5830574740495765e-06, -9.061930827862371e-09, 6.819279900720987e-10]
8 [0.0, -1.0191953828112395e-12, -2.5135592372545485e-13, 6.438887722793898e-11, -2.166131869769603e-10, -1.3295581631013266e-15, 8.87970660412712e-16, 1.3775726215745697e-05, -1.5094369115959877e-06, -7.619753673037974e-09, 6.481938134501564e-10]
9 [0.0, -1.110484873199623e-12, -2.3705536842327235e-13, 7.731865635590989e-11, -1.8214112861943067e-10, -1.4356910586458738e-15, 7.973130630345815e-16, 1.8521717070630444e-05, -1.5830574740495765e-06, -9.061930827862371e-09, 6.819279900720987e-10]
----------------------------
----After Mutation--- 
0 [0.0, -1.096239149136966e-12, -2.6937501937964677e-13, 6.491237664607306e-11, -1.98031059771995e-10, -1.3295581631013266e-15, 9.552102782059894e-16, 1.494340191088158e-05, -1.3591165654259855e-06, -8.040650362278999e-09, 6.22417127172217e-10]
1 [0.0, -1.110484873199623e-12, -2.3705536842327235e-13, 7.588303352665607e-11, -1.8214112861943067e-10, -1.298466902134106e-15, 7.312983433249968e-16, 1.8582847711905415e-05, -1.5830574740495765e-06, -9.061930827862371e-09, 7.259803457593184e-10]
2 [0.0, -9.444898713888938e-13, -2.4590113541027716e-13, 5.824857664815929e-11, -2.1068194186477697e-10, -1.4110582038138281e-15, 9.295534602934155e-16, 1.3596965183006908e-05, -1.5824798841520074e-06, -7.619753673037974e-09, 6.782179690177434e-10]
3 [0.0, -1.1704788263399672e-12, -2.3353743517339677e-13, 7.68705678499282e-11, -1.9325396402671462e-10, -1.4356910586458738e-15, 7.823152731068295e-16, 1.8734535819429882e-05, -1.5830574740495765e-06, -9.335558862191184e-09, 6.920974035994868e-10]
4 [0.0, -1.1038312602642117e-12, -2.472134105838545e-13, 6.354113319312112e-11, -2.1372963604055356e-10, -1.3202871895895858e-15, 8.433795869461597e-16, 1.2943170257229227e-05, -1.4406819437420304e-06, -7.807234007382301e-09, 5.921151717569087e-10]
5 [0.0, -1.1435613399201507e-12, -2.2619948402923817e-13, 7.241229982878285e-11, -1.9592086239199552e-10, -1.3093345752554618e-15, 8.657479824610615e-16, 1.9238322015150965e-05, -1.4806037320205558e-06, -8.851465789596717e-09, 7.498197057461774e-10]
6 [0.0, -9.356943465400123e-13, -2.396661151045308e-13, 6.522079040041718e-11, -1.9993219316362565e-10, -1.2744268584861172e-15, 8.414264873892496e-16, 1.5092247017178202e-05, -1.6128059734159982e-06, -7.619753673037974e-09, 6.11951730812232e-10]
7 [0.0, -1.1770698174378438e-12, -2.503228291335712e-13, 7.274844903391191e-11, -1.828681349503342e-10, -1.3898692472588904e-15, 8.736287750140646e-16, 1.8420126364862703e-05, -1.6025103366477531e-06, -8.921737013259599e-09, 6.159407976319831e-10]
8 [0.0, -9.427715267950347e-13, -2.683305047664313e-13, 6.852062704046294e-11, -2.185023721473749e-10, -1.3295581631013266e-15, 9.184493127364316e-16, 1.3360648236554901e-05, -1.5244543965813248e-06, -7.089824822313359e-09, 6.481938134501564e-10]
9 [0.0, -1.0288640757463759e-12, -2.2155554960345605e-13, 7.768045523962578e-11, -1.9180283930105175e-10, -1.3215790449281821e-15, 8.716525830359278e-16, 1.7508124529784853e-05, -1.4863028934807847e-06, -8.260180042344828e-09, 6.501020939860006e-10]
----------------------------
Train and Validation error 
317847599355.072 1296090071058.8794
867502090479.1936 2808802512050.83
243398615407.3758 135852097305.99377
67513252115.8702 292172194800.6286
1406246289729.9102 1509233772926.9634
6527081970406.236 15624624588379.777
3277148271727.0923 4427170347436.846
2765693966806.0146 3389993126429.576
155238120263.6258 78210110677.97029
161249549836.5285 796399748257.1141

-------------------NEW GENERATION-------------
[0.0, -1.110484873199623e-12, -2.3705536842327235e-13, 7.731865635590989e-11, -1.8214112861943067e-10, -1.3295581631013266e-15, 8.87970660412712e-16, 1.3775726215745697e-05, -1.5094369115959877e-06, -7.619753673037974e-09, 6.481938134501564e-10]

[0.0, -1.0191953828112395e-12, -2.5135592372545485e-13, 6.438887722793898e-11, -2.166131869769603e-10, -1.4356910586458738e-15, 7.973130630345815e-16, 1.8521717070630444e-05, -1.5830574740495765e-06, -9.061930827862371e-09, 6.819279900720987e-10]

[0.0, -9.427715267950347e-13, -2.683305047664313e-13, 6.852062704046294e-11, -2.185023721473749e-10, -1.3295581631013266e-15, 9.184493127364316e-16, 1.3360648236554901e-05, -1.5244543965813248e-06, -7.089824822313359e-09, 6.481938134501564e-10]

[0.0, -9.444898713888938e-13, -2.4590113541027716e-13, 5.824857664815929e-11, -2.1068194186477697e-10, -1.4110582038138281e-15, 9.295534602934155e-16, 1.3596965183006908e-05, -1.5824798841520074e-06, -7.619753673037974e-09, 6.782179690177434e-10]

[0.0, -1.1704788263399672e-12, -2.3353743517339677e-13, 7.68705678499282e-11, -1.9325396402671462e-10, -1.4356910586458738e-15, 7.823152731068295e-16, 1.8734535819429882e-05, -1.5830574740495765e-06, -9.335558862191184e-09, 6.920974035994868e-10]

[0.0, -9.828001243955225e-13, -2.3026755637109496e-13, 5.966336213323511e-11, -2.166131869769603e-10, -1.3376369481580494e-15, 7.7475809529839e-16, 1.6459585008791246e-05, -1.6373906870604068e-06, -8.50431283117677e-09, 6.865739024229856e-10]

[0.0, -1.088566700398086e-12, -2.299964044843165e-13, 6.081407405158262e-11, -1.9782748607240132e-10, -1.1798624592097017e-15, 7.820868883014209e-16, 1.702955759362959e-05, -1.4889171081865046e-06, -9.56950632532203e-09, 6.326804810518814e-10]

[0.0, -1.0288640757463759e-12, -2.2155554960345605e-13, 7.768045523962578e-11, -1.9180283930105175e-10, -1.3215790449281821e-15, 8.716525830359278e-16, 1.7508124529784853e-05, -1.4863028934807847e-06, -8.260180042344828e-09, 6.501020939860006e-10]

[0.0, -1.096239149136966e-12, -2.6937501937964677e-13, 6.491237664607306e-11, -1.98031059771995e-10, -1.3295581631013266e-15, 9.552102782059894e-16, 1.494340191088158e-05, -1.3591165654259855e-06, -8.040650362278999e-09, 6.22417127172217e-10]

[0.0, -9.477650440089914e-13, -2.394419970865814e-13, 6.793600928779215e-11, -1.8635134832467843e-10, -1.1423644557395976e-15, 8.159788469297529e-16, 1.6364493872530207e-05, -1.5923602438952578e-06, -8.810874158944887e-09, 6.436191533106975e-10]

--------------------GENERATION ENDED-------------


Genetation iteration  2
--- Initial Population ----
[0.0, -1.110484873199623e-12, -2.3705536842327235e-13, 8.439159496504708e-11, -1.9349771771937152e-10, -1.2275687696576545e-15, 9.363249174692245e-16, 1.3188476791652422e-05, -1.4928682051844837e-06, -7.619753673037974e-09, 6.235251881448126e-10]

[0.0, -1.0191953828112395e-12, -2.6380466033270754e-13, 6.320741858922239e-11, -2.199885247775612e-10, -1.3041782594760726e-15, 7.203066883117635e-16, 1.849789125188087e-05, -1.5273487451835136e-06, -8.607950339416555e-09, 7.220044324999233e-10]

[0.0, -8.657230770564427e-13, -2.596476950825049e-13, 7.210002887323414e-11, -2.185023721473749e-10, -1.386406281889678e-15, 9.350368960572234e-16, 1.3977098891910648e-05, -1.5235919285201577e-06, -7.566748588002647e-09, 6.481938134501564e-10]

[0.0, -9.18649176818948e-13, -2.2418230054196355e-13, 5.908031622255357e-11, -2.2788916876889055e-10, -1.3657429597789798e-15, 9.315777937759928e-16, 1.2861022181731537e-05, -1.458216700350285e-06, -6.925844465671547e-09, 6.782179690177434e-10]

[0.0, -1.1513470524181006e-12, -2.4143526038626437e-13, 7.81999448923083e-11, -1.7851594623385235e-10, -1.4134342331391462e-15, 7.127813199881128e-16, 1.755379587308609e-05, -1.686318823035973e-06, -8.920484372621336e-09, 7.153969329436985e-10]

[0.0, -9.93959017927728e-13, -2.521112538858095e-13, 5.966336213323511e-11, -2.1122919900151903e-10, -1.3913312360770348e-15, 8.013026722746026e-16, 1.5608875717371983e-05, -1.5573916474493175e-06, -9.076430066813082e-09, 6.550547574511009e-10]

[0.0, -1.088566700398086e-12, -2.346276111277623e-13, 6.081407405158262e-11, -2.0222067761055824e-10, -1.2255648224513167e-15, 7.820868883014209e-16, 1.702955759362959e-05, -1.3723012202292712e-06, -9.56950632532203e-09, 6.121644425884252e-10]

[0.0, -1.0288640757463759e-12, -2.087818976726403e-13, 7.768045523962578e-11, -2.101545484508319e-10, -1.325760307502677e-15, 8.716525830359278e-16, 1.700781281223807e-05, -1.5897651020935635e-06, -8.55217930588304e-09, 6.746575315219884e-10]

[0.0, -1.002065189207554e-12, -2.9306121842022717e-13, 6.491237664607306e-11, -1.9550891809515052e-10, -1.30510779064875e-15, 9.552102782059894e-16, 1.542912740017525e-05, -1.28311294842786e-06, -8.145869816978526e-09, 6.24959838161546e-10]

[0.0, -8.865767663807067e-13, -2.394419970865814e-13, 7.397058882102195e-11, -1.7512994782452564e-10, -1.2288175001424221e-15, 8.159788469297529e-16, 1.7665052788370908e-05, -1.7464157984123541e-06, -7.935614351699444e-09, 6.749641712385945e-10]

----------------------------
Train and Validation error 
656710960477.1776 566945785679.7656
2310260948183.9033 6289698873177.534
254640889015.66626 124722956064.51804
780993785963.0165 2610590982954.1846
254286765501.58887 120874881252.36475
997539007666.6892 954762770010.293
89441563687.69193 177543242521.39435
162728464602.921 70919311557.16585
1753441496835.0742 4992037656291.251
1811463202847.9263 2091999938647.099
After Selection (Parents Selected) 
[0.0, -1.088566700398086e-12, -2.346276111277623e-13, 6.081407405158262e-11, -2.0222067761055824e-10, -1.2255648224513167e-15, 7.820868883014209e-16, 1.702955759362959e-05, -1.3723012202292712e-06, -9.56950632532203e-09, 6.121644425884252e-10]
[0.0, -1.0288640757463759e-12, -2.087818976726403e-13, 7.768045523962578e-11, -2.101545484508319e-10, -1.325760307502677e-15, 8.716525830359278e-16, 1.700781281223807e-05, -1.5897651020935635e-06, -8.55217930588304e-09, 6.746575315219884e-10]
----------------------------
---After Crossover----
0 [0.0, -1.088566700398086e-12, -2.346276111277623e-13, 6.081407405158262e-11, -2.0222067761055824e-10, -1.325760307502677e-15, 8.716525830359278e-16, 1.700781281223807e-05, -1.5897651020935635e-06, -8.55217930588304e-09, 6.746575315219884e-10]
1 [0.0, -1.0288640757463759e-12, -2.087818976726403e-13, 7.768045523962578e-11, -2.101545484508319e-10, -1.2255648224513167e-15, 7.820868883014209e-16, 1.702955759362959e-05, -1.3723012202292712e-06, -9.56950632532203e-09, 6.121644425884252e-10]
2 [0.0, -1.088566700398086e-12, -2.346276111277623e-13, 6.081407405158262e-11, -2.0222067761055824e-10, -1.325760307502677e-15, 8.716525830359278e-16, 1.700781281223807e-05, -1.5897651020935635e-06, -8.55217930588304e-09, 6.746575315219884e-10]
3 [0.0, -1.0288640757463759e-12, -2.087818976726403e-13, 7.768045523962578e-11, -2.101545484508319e-10, -1.2255648224513167e-15, 7.820868883014209e-16, 1.702955759362959e-05, -1.3723012202292712e-06, -9.56950632532203e-09, 6.121644425884252e-10]
4 [0.0, -1.088566700398086e-12, -2.346276111277623e-13, 6.081407405158262e-11, -2.0222067761055824e-10, -1.325760307502677e-15, 8.716525830359278e-16, 1.700781281223807e-05, -1.5897651020935635e-06, -8.55217930588304e-09, 6.746575315219884e-10]
5 [0.0, -1.0288640757463759e-12, -2.087818976726403e-13, 7.768045523962578e-11, -2.101545484508319e-10, -1.2255648224513167e-15, 7.820868883014209e-16, 1.702955759362959e-05, -1.3723012202292712e-06, -9.56950632532203e-09, 6.121644425884252e-10]
6 [0.0, -1.088566700398086e-12, -2.346276111277623e-13, 6.081407405158262e-11, -2.0222067761055824e-10, -1.325760307502677e-15, 8.716525830359278e-16, 1.700781281223807e-05, -1.5897651020935635e-06, -8.55217930588304e-09, 6.746575315219884e-10]
7 [0.0, -1.0288640757463759e-12, -2.087818976726403e-13, 7.768045523962578e-11, -2.101545484508319e-10, -1.2255648224513167e-15, 7.820868883014209e-16, 1.702955759362959e-05, -1.3723012202292712e-06, -9.56950632532203e-09, 6.121644425884252e-10]
8 [0.0, -1.088566700398086e-12, -2.346276111277623e-13, 6.081407405158262e-11, -2.0222067761055824e-10, -1.325760307502677e-15, 8.716525830359278e-16, 1.700781281223807e-05, -1.5897651020935635e-06, -8.55217930588304e-09, 6.746575315219884e-10]
9 [0.0, -1.0288640757463759e-12, -2.087818976726403e-13, 7.768045523962578e-11, -2.101545484508319e-10, -1.2255648224513167e-15, 7.820868883014209e-16, 1.702955759362959e-05, -1.3723012202292712e-06, -9.56950632532203e-09, 6.121644425884252e-10]
----------------------------
----After Mutation--- 
0 [0.0, -1.1388675061012522e-12, -2.346276111277623e-13, 6.265576680859612e-11, -2.1527649266560587e-10, -1.325760307502677e-15, 8.413475811757315e-16, 1.5598166308616955e-05, -1.47319699491125e-06, -8.25723399371991e-09, 6.544238117895226e-10]
1 [0.0, -1.0958729304435029e-12, -1.894720801309654e-13, 7.768045523962578e-11, -2.0752902657411714e-10, -1.1593906081516135e-15, 7.67446340103022e-16, 1.6977678876672356e-05, -1.2591606891596007e-06, -9.642127504969819e-09, 6.121644425884252e-10]
2 [0.0, -1.088566700398086e-12, -2.2476945652905976e-13, 5.8241604539172e-11, -1.9235642278362277e-10, -1.4464061212888118e-15, 8.993928661795996e-16, 1.700781281223807e-05, -1.5081925108694225e-06, -9.169222006748772e-09, 6.848853526363886e-10]
3 [0.0, -1.0288640757463759e-12, -2.1582745636122943e-13, 7.888473963652614e-11, -2.147119752816469e-10, -1.2255648224513167e-15, 8.215495081639443e-16, 1.6170877429192792e-05, -1.4528872614359958e-06, -9.973876806986312e-09, 5.75749802530734e-10]
4 [0.0, -1.0693135762985074e-12, -2.409536449604815e-13, 5.839382849068021e-11, -2.0222067761055824e-10, -1.3551446458526775e-15, 8.052712278662187e-16, 1.6792117133050405e-05, -1.7371057268358657e-06, -8.436603664277471e-09, 6.746575315219884e-10]
5 [0.0, -9.86495687855899e-13, -1.968094688822142e-13, 8.535725724293682e-11, -2.101545484508319e-10, -1.1716581007162204e-15, 7.34166674627157e-16, 1.745094565729544e-05, -1.3723012202292712e-06, -9.56950632532203e-09, 5.713917509318799e-10]
6 [0.0, -1.0743995082954348e-12, -2.3101198312087724e-13, 6.081407405158262e-11, -2.0222067761055824e-10, -1.325760307502677e-15, 9.451683336976483e-16, 1.839218234298679e-05, -1.6766794827215163e-06, -9.342337580728322e-09, 6.391085320530462e-10]
7 [0.0, -1.0288640757463759e-12, -1.978091917184362e-13, 7.768045523962578e-11, -1.9630484637469633e-10, -1.1174079206265951e-15, 7.820868883014209e-16, 1.7190037777019495e-05, -1.4846665946353544e-06, -8.948042347434118e-09, 6.070312928877274e-10]
8 [0.0, -1.0197575675443044e-12, -2.2454778361164217e-13, 6.355621413563893e-11, -2.1439723472121293e-10, -1.3464308611372299e-15, 8.716525830359278e-16, 1.700781281223807e-05, -1.5897651020935635e-06, -8.139781654686117e-09, 6.755530804575572e-10]
9 [0.0, -9.28562582175016e-13, -2.290606626691411e-13, 7.001619721633529e-11, -2.091814749376144e-10, -1.1174998118865192e-15, 7.572896470451853e-16, 1.686813203502432e-05, -1.3723012202292712e-06, -9.882972830809215e-09, 6.121644425884252e-10]
----------------------------
Train and Validation error 
79118848361.85226 478989091973.0212
1009313630559.5485 3042049808278.838
143402798236.23804 785370912483.675
3731884724260.289 5127617732805.035
2865402303238.0205 3748395669020.5938
787509957909.6584 644387676255.1078
3937981701977.335 5388657375351.8545
767523518114.0089 671548452748.2211
82431270202.79898 116261294606.29399
110075782896.11613 85135531867.07942

-------------------NEW GENERATION-------------
[0.0, -9.28562582175016e-13, -2.290606626691411e-13, 7.001619721633529e-11, -2.091814749376144e-10, -1.1174998118865192e-15, 7.572896470451853e-16, 1.686813203502432e-05, -1.3723012202292712e-06, -9.882972830809215e-09, 6.121644425884252e-10]

[0.0, -1.0197575675443044e-12, -2.2454778361164217e-13, 6.355621413563893e-11, -2.1439723472121293e-10, -1.3464308611372299e-15, 8.716525830359278e-16, 1.700781281223807e-05, -1.5897651020935635e-06, -8.139781654686117e-09, 6.755530804575572e-10]

[0.0, -1.0288640757463759e-12, -2.087818976726403e-13, 7.768045523962578e-11, -2.101545484508319e-10, -1.325760307502677e-15, 8.716525830359278e-16, 1.700781281223807e-05, -1.5897651020935635e-06, -8.55217930588304e-09, 6.746575315219884e-10]

[0.0, -1.088566700398086e-12, -2.346276111277623e-13, 6.081407405158262e-11, -2.0222067761055824e-10, -1.2255648224513167e-15, 7.820868883014209e-16, 1.702955759362959e-05, -1.3723012202292712e-06, -9.56950632532203e-09, 6.121644425884252e-10]

[0.0, -1.1513470524181006e-12, -2.4143526038626437e-13, 7.81999448923083e-11, -1.7851594623385235e-10, -1.4134342331391462e-15, 7.127813199881128e-16, 1.755379587308609e-05, -1.686318823035973e-06, -8.920484372621336e-09, 7.153969329436985e-10]

[0.0, -8.657230770564427e-13, -2.596476950825049e-13, 7.210002887323414e-11, -2.185023721473749e-10, -1.386406281889678e-15, 9.350368960572234e-16, 1.3977098891910648e-05, -1.5235919285201577e-06, -7.566748588002647e-09, 6.481938134501564e-10]

[0.0, -1.1388675061012522e-12, -2.346276111277623e-13, 6.265576680859612e-11, -2.1527649266560587e-10, -1.325760307502677e-15, 8.413475811757315e-16, 1.5598166308616955e-05, -1.47319699491125e-06, -8.25723399371991e-09, 6.544238117895226e-10]

[0.0, -1.088566700398086e-12, -2.2476945652905976e-13, 5.8241604539172e-11, -1.9235642278362277e-10, -1.4464061212888118e-15, 8.993928661795996e-16, 1.700781281223807e-05, -1.5081925108694225e-06, -9.169222006748772e-09, 6.848853526363886e-10]

[0.0, -9.86495687855899e-13, -1.968094688822142e-13, 8.535725724293682e-11, -2.101545484508319e-10, -1.1716581007162204e-15, 7.34166674627157e-16, 1.745094565729544e-05, -1.3723012202292712e-06, -9.56950632532203e-09, 5.713917509318799e-10]

[0.0, -1.0288640757463759e-12, -1.978091917184362e-13, 7.768045523962578e-11, -1.9630484637469633e-10, -1.1174079206265951e-15, 7.820868883014209e-16, 1.7190037777019495e-05, -1.4846665946353544e-06, -8.948042347434118e-09, 6.070312928877274e-10]

--------------------GENERATION ENDED-------------


Genetation iteration  3
--- Initial Population ----
[0.0, -8.818019967153587e-13, -2.457779592283737e-13, 6.877807787260307e-11, -1.9788117676339245e-10, -1.1415598063831798e-15, 6.914578493831595e-16, 1.810323049049868e-05, -1.3613531971289326e-06, -1.0574281782758566e-08, 6.471067790266496e-10]

[0.0, -9.177898619874453e-13, -2.2454778361164217e-13, 6.355621413563893e-11, -2.08913983917395e-10, -1.2434918586757166e-15, 8.067934961653351e-16, 1.7044970968877297e-05, -1.5296641423045965e-06, -8.753825377617385e-09, 7.276222930260036e-10]

[0.0, -9.947544526382622e-13, -1.935850369522836e-13, 7.768045523962578e-11, -2.046196690998461e-10, -1.2473098363901421e-15, 8.11353530657304e-16, 1.576319858621226e-05, -1.4537195871704846e-06, -8.347809151593013e-09, 7.297744586260509e-10]

[0.0, -1.1617204674330334e-12, -2.2668782850553105e-13, 6.666957845689585e-11, -1.9800218868433708e-10, -1.104025102133041e-15, 7.820868883014209e-16, 1.709787190270262e-05, -1.3156636328512274e-06, -9.732195718199598e-09, 5.535936150593847e-10]

[0.0, -1.0591667414096513e-12, -2.4143526038626437e-13, 7.862680676957404e-11, -1.7942640746935706e-10, -1.2751087402516793e-15, 6.859254812758853e-16, 1.6684268105144068e-05, -1.8347799643881644e-06, -9.406235452110205e-09, 6.519651229983453e-10]

[0.0, -8.980251688622427e-13, -2.596476950825049e-13, 7.547116809490442e-11, -2.048534397278762e-10, -1.5225630192089797e-15, 8.698928838464169e-16, 1.3613661082577122e-05, -1.4565566946139257e-06, -7.3233675235321446e-09, 6.724983469361465e-10]

[0.0, -1.135140516088411e-12, -2.346276111277623e-13, 6.865789949338504e-11, -1.9675990598315996e-10, -1.417197186764966e-15, 8.999491500936373e-16, 1.6542408744147184e-05, -1.3652168850772727e-06, -7.878628494354029e-09, 6.126146713609337e-10]

[0.0, -1.1515850239231368e-12, -2.0231436172434406e-13, 5.900591370744806e-11, -1.988119795147207e-10, -1.4168644173317698e-15, 8.993928661795996e-16, 1.6299773372238392e-05, -1.4139994472981915e-06, -9.940703004642337e-09, 7.414997072116766e-10]

[0.0, -8.975945849790202e-13, -2.1029855475832963e-13, 7.927194333185215e-11, -2.007228030545732e-10, -1.1989326968291322e-15, 6.91859685885209e-16, 1.745094565729544e-05, -1.3723012202292712e-06, -8.634336142529818e-09, 5.217293381342351e-10]

[0.0, -1.040547045960445e-12, -2.0463695226255464e-13, 7.192717306062716e-11, -1.9327393059387169e-10, -1.201005946677738e-15, 7.044590774572505e-16, 1.8413260856300165e-05, -1.4846665946353544e-06, -8.726802914244035e-09, 6.119897278710944e-10]

----------------------------
Train and Validation error 
414328204729.1544 1480652344353.846
1735561045908.331 4867147414463.601
3946296110813.992 9812351658196.75
743175939008.4359 591877110125.684
11863672853808.275 19355341550275.355
460672606044.4315 1824340492588.847
386328081493.14465 1570403880845.6536
3702255520274.9365 9371010366122.809
2369347414579.931 2821757719561.739
294511811556.11285 122587523746.45442
After Selection (Parents Selected) 
[0.0, -1.1617204674330334e-12, -2.2668782850553105e-13, 6.666957845689585e-11, -1.9800218868433708e-10, -1.104025102133041e-15, 7.820868883014209e-16, 1.709787190270262e-05, -1.3156636328512274e-06, -9.732195718199598e-09, 5.535936150593847e-10]
[0.0, -1.040547045960445e-12, -2.0463695226255464e-13, 7.192717306062716e-11, -1.9327393059387169e-10, -1.201005946677738e-15, 7.044590774572505e-16, 1.8413260856300165e-05, -1.4846665946353544e-06, -8.726802914244035e-09, 6.119897278710944e-10]
----------------------------
---After Crossover----
0 [0.0, -1.1617204674330334e-12, -2.2668782850553105e-13, 6.666957845689585e-11, -1.9800218868433708e-10, -1.201005946677738e-15, 7.044590774572505e-16, 1.8413260856300165e-05, -1.4846665946353544e-06, -8.726802914244035e-09, 6.119897278710944e-10]
1 [0.0, -1.040547045960445e-12, -2.0463695226255464e-13, 7.192717306062716e-11, -1.9327393059387169e-10, -1.104025102133041e-15, 7.820868883014209e-16, 1.709787190270262e-05, -1.3156636328512274e-06, -9.732195718199598e-09, 5.535936150593847e-10]
2 [0.0, -1.1617204674330334e-12, -2.2668782850553105e-13, 6.666957845689585e-11, -1.9800218868433708e-10, -1.201005946677738e-15, 7.044590774572505e-16, 1.8413260856300165e-05, -1.4846665946353544e-06, -8.726802914244035e-09, 6.119897278710944e-10]
3 [0.0, -1.040547045960445e-12, -2.0463695226255464e-13, 7.192717306062716e-11, -1.9327393059387169e-10, -1.104025102133041e-15, 7.820868883014209e-16, 1.709787190270262e-05, -1.3156636328512274e-06, -9.732195718199598e-09, 5.535936150593847e-10]
4 [0.0, -1.1617204674330334e-12, -2.2668782850553105e-13, 6.666957845689585e-11, -1.9800218868433708e-10, -1.201005946677738e-15, 7.044590774572505e-16, 1.8413260856300165e-05, -1.4846665946353544e-06, -8.726802914244035e-09, 6.119897278710944e-10]
5 [0.0, -1.040547045960445e-12, -2.0463695226255464e-13, 7.192717306062716e-11, -1.9327393059387169e-10, -1.104025102133041e-15, 7.820868883014209e-16, 1.709787190270262e-05, -1.3156636328512274e-06, -9.732195718199598e-09, 5.535936150593847e-10]
6 [0.0, -1.1617204674330334e-12, -2.2668782850553105e-13, 6.666957845689585e-11, -1.9800218868433708e-10, -1.201005946677738e-15, 7.044590774572505e-16, 1.8413260856300165e-05, -1.4846665946353544e-06, -8.726802914244035e-09, 6.119897278710944e-10]
7 [0.0, -1.040547045960445e-12, -2.0463695226255464e-13, 7.192717306062716e-11, -1.9327393059387169e-10, -1.104025102133041e-15, 7.820868883014209e-16, 1.709787190270262e-05, -1.3156636328512274e-06, -9.732195718199598e-09, 5.535936150593847e-10]
8 [0.0, -1.1617204674330334e-12, -2.2668782850553105e-13, 6.666957845689585e-11, -1.9800218868433708e-10, -1.201005946677738e-15, 7.044590774572505e-16, 1.8413260856300165e-05, -1.4846665946353544e-06, -8.726802914244035e-09, 6.119897278710944e-10]
9 [0.0, -1.040547045960445e-12, -2.0463695226255464e-13, 7.192717306062716e-11, -1.9327393059387169e-10, -1.104025102133041e-15, 7.820868883014209e-16, 1.709787190270262e-05, -1.3156636328512274e-06, -9.732195718199598e-09, 5.535936150593847e-10]
----------------------------
----After Mutation--- 
0 [0.0, -1.2193304884216477e-12, -2.394700019759966e-13, 6.666957845689585e-11, -2.0956278873471328e-10, -1.2802834646751811e-15, 7.449047440140164e-16, 1.676297107478668e-05, -1.599224986334006e-06, -8.726802914244035e-09, 5.713979497205523e-10]
1 [0.0, -1.040547045960445e-12, -2.0553820523929253e-13, 6.773339633306964e-11, -1.7489369439883136e-10, -1.0752718176081935e-15, 7.439334311942193e-16, 1.609983573395823e-05, -1.3156636328512274e-06, -9.938284451797908e-09, 5.878488089999868e-10]
2 [0.0, -1.065269348788303e-12, -2.2668782850553105e-13, 7.270494298868817e-11, -1.9800218868433708e-10, -1.2161549692621286e-15, 6.464237468896028e-16, 1.8413260856300165e-05, -1.4646760396421807e-06, -9.193953777132112e-09, 5.744561123191557e-10]
3 [0.0, -1.0234155047015303e-12, -2.2226159275026314e-13, 7.847398185692832e-11, -1.9163801031789593e-10, -1.052400709368408e-15, 7.156377152687607e-16, 1.7041243596914668e-05, -1.3941903382026056e-06, -9.732195718199598e-09, 5.535936150593847e-10]
4 [0.0, -1.1869799437783243e-12, -2.069046223793148e-13, 6.383203586569545e-11, -1.7847864970680903e-10, -1.2450730101240626e-15, 7.361900195066057e-16, 1.8413260856300165e-05, -1.6007428287454268e-06, -9.356842917596916e-09, 6.029983539662844e-10]
5 [0.0, -9.552873693091682e-13, -2.234197080873068e-13, 7.573055159686853e-11, -2.043085093017539e-10, -1.2007805868967838e-15, 7.820868883014209e-16, 1.8244324004667653e-05, -1.3618472103865365e-06, -9.138734752493601e-09, 5.30916390397937e-10]
6 [0.0, -1.175751753233589e-12, -2.176041081956667e-13, 6.979534968994771e-11, -2.0156030249985478e-10, -1.1807405186474164e-15, 6.549107058418097e-16, 1.76307289398142e-05, -1.6064124329755443e-06, -8.331102311867821e-09, 6.155230953542515e-10]
7 [0.0, -1.1169101843330038e-12, -2.0463695226255464e-13, 7.622940222666286e-11, -2.029979180037494e-10, -1.0139339090467353e-15, 8.490931907621719e-16, 1.864092678317134e-05, -1.3156636328512274e-06, -1.0542527936653978e-08, 5.059993121329436e-10]
8 [0.0, -1.1617204674330334e-12, -2.1242961283256128e-13, 6.288876568597704e-11, -1.8987586743923243e-10, -1.2561636273031072e-15, 7.044590774572505e-16, 1.9076832997749776e-05, -1.5528876264007275e-06, -8.161348027519852e-09, 5.94312040682215e-10]
9 [0.0, -1.040547045960445e-12, -1.8905902052439705e-13, 7.192717306062716e-11, -1.9126255506772622e-10, -1.104025102133041e-15, 7.115373939842918e-16, 1.8106842912047445e-05, -1.3156636328512274e-06, -9.732195718199598e-09, 6.081838572267931e-10]
----------------------------
Train and Validation error 
7427966095869.33 11230604612587.057
210593592682.3868 76985569214.61943
1759849638881.2617 1949415037631.65
2306110706485.097 2911186102596.9854
4094094553339.607 5654857850664.978
1770360574440.644 1924956988271.7356
2191049309432.9875 2671099656561.646
3473064955538.797 4682547242648.338
1387805127124.4885 1326778474833.2598
385699507882.1496 1426540694818.4517

-------------------NEW GENERATION-------------
[0.0, -1.040547045960445e-12, -2.0553820523929253e-13, 6.773339633306964e-11, -1.7489369439883136e-10, -1.0752718176081935e-15, 7.439334311942193e-16, 1.609983573395823e-05, -1.3156636328512274e-06, -9.938284451797908e-09, 5.878488089999868e-10]

[0.0, -1.040547045960445e-12, -2.0463695226255464e-13, 7.192717306062716e-11, -1.9327393059387169e-10, -1.201005946677738e-15, 7.044590774572505e-16, 1.8413260856300165e-05, -1.4846665946353544e-06, -8.726802914244035e-09, 6.119897278710944e-10]

[0.0, -1.1617204674330334e-12, -2.2668782850553105e-13, 6.666957845689585e-11, -1.9800218868433708e-10, -1.104025102133041e-15, 7.820868883014209e-16, 1.709787190270262e-05, -1.3156636328512274e-06, -9.732195718199598e-09, 5.535936150593847e-10]

[0.0, -8.818019967153587e-13, -2.457779592283737e-13, 6.877807787260307e-11, -1.9788117676339245e-10, -1.1415598063831798e-15, 6.914578493831595e-16, 1.810323049049868e-05, -1.3613531971289326e-06, -1.0574281782758566e-08, 6.471067790266496e-10]

[0.0, -1.135140516088411e-12, -2.346276111277623e-13, 6.865789949338504e-11, -1.9675990598315996e-10, -1.417197186764966e-15, 8.999491500936373e-16, 1.6542408744147184e-05, -1.3652168850772727e-06, -7.878628494354029e-09, 6.126146713609337e-10]

[0.0, -8.980251688622427e-13, -2.596476950825049e-13, 7.547116809490442e-11, -2.048534397278762e-10, -1.5225630192089797e-15, 8.698928838464169e-16, 1.3613661082577122e-05, -1.4565566946139257e-06, -7.3233675235321446e-09, 6.724983469361465e-10]

[0.0, -1.040547045960445e-12, -1.8905902052439705e-13, 7.192717306062716e-11, -1.9126255506772622e-10, -1.104025102133041e-15, 7.115373939842918e-16, 1.8106842912047445e-05, -1.3156636328512274e-06, -9.732195718199598e-09, 6.081838572267931e-10]

[0.0, -1.1617204674330334e-12, -2.1242961283256128e-13, 6.288876568597704e-11, -1.8987586743923243e-10, -1.2561636273031072e-15, 7.044590774572505e-16, 1.9076832997749776e-05, -1.5528876264007275e-06, -8.161348027519852e-09, 5.94312040682215e-10]

[0.0, -9.552873693091682e-13, -2.234197080873068e-13, 7.573055159686853e-11, -2.043085093017539e-10, -1.2007805868967838e-15, 7.820868883014209e-16, 1.8244324004667653e-05, -1.3618472103865365e-06, -9.138734752493601e-09, 5.30916390397937e-10]

[0.0, -1.065269348788303e-12, -2.2668782850553105e-13, 7.270494298868817e-11, -1.9800218868433708e-10, -1.2161549692621286e-15, 6.464237468896028e-16, 1.8413260856300165e-05, -1.4646760396421807e-06, -9.193953777132112e-09, 5.744561123191557e-10]

--------------------GENERATION ENDED-------------


Genetation iteration  4
--- Initial Population ----
[0.0, -1.047077814342256e-12, -2.210619154699728e-13, 6.536694312280972e-11, -1.8710489466783538e-10, -9.82819220608788e-16, 7.439334311942193e-16, 1.7340604882719105e-05, -1.3201092524479377e-06, -1.0791425282641941e-08, 5.408406503340388e-10]

[0.0, -9.799531070748863e-13, -2.2360510561297265e-13, 7.834735950459624e-11, -1.796147561283011e-10, -1.1842542462759822e-15, 7.044590774572505e-16, 1.9725134576701022e-05, -1.5076288059654693e-06, -8.189447555948257e-09, 6.119897278710944e-10]

[0.0, -1.0815022187387255e-12, -2.0622598492412645e-13, 6.666957845689585e-11, -1.8369190933929915e-10, -1.1948396055982192e-15, 7.6213274167976e-16, 1.8680524167560323e-05, -1.3156636328512274e-06, -9.732195718199598e-09, 5.142198741932454e-10]

[0.0, -8.818019967153587e-13, -2.377201128870714e-13, 7.220221771262525e-11, -2.0067883854189513e-10, -1.1853895081504797e-15, 7.1932526242387e-16, 1.8011152000356608e-05, -1.3250322355180368e-06, -1.0239852298742894e-08, 6.459790401106069e-10]

[0.0, -1.1774713973210005e-12, -2.4683358884159706e-13, 6.700861733539096e-11, -1.9675990598315996e-10, -1.4282160038304414e-15, 8.999491500936373e-16, 1.6542408744147184e-05, -1.2566727543864973e-06, -7.878628494354029e-09, 6.126146713609337e-10]

[0.0, -8.260320231658262e-13, -2.596476950825049e-13, 7.728049393643052e-11, -1.916154527331917e-10, -1.4822529423630021e-15, 8.668840282092459e-16, 1.4654387163887703e-05, -1.457476558449502e-06, -7.3233675235321446e-09, 6.494226471220462e-10]

[0.0, -9.962501902921795e-13, -1.888872226015586e-13, 7.409158648699867e-11, -1.8978473660708288e-10, -1.104025102133041e-15, 7.52351330125844e-16, 1.8256895201764845e-05, -1.3202019262225211e-06, -1.0322142439655431e-08, 5.688551474515634e-10]

[0.0, -1.212610366641313e-12, -1.9881633880051726e-13, 6.288876568597704e-11, -1.7855355754781313e-10, -1.2561636273031072e-15, 6.871352466414493e-16, 2.0951413318689105e-05, -1.4821663097350425e-06, -8.726310116932003e-09, 5.794848520785482e-10]

[0.0, -1.0158064870601565e-12, -2.2279368783079784e-13, 7.224346726881496e-11, -2.23105036617923e-10, -1.2007805868967838e-15, 7.741167443366094e-16, 1.7798354322307447e-05, -1.3618472103865365e-06, -9.500239721146342e-09, 5.826186722881016e-10]

[0.0, -9.820844063602322e-13, -2.228072605887388e-13, 6.894592089335535e-11, -2.0489021860299418e-10, -1.330510929359838e-15, 6.464237468896028e-16, 1.9616369056699846e-05, -1.4646760396421807e-06, -8.406886381991554e-09, 5.654116258876073e-10]

----------------------------
Train and Validation error 
2240316662068.8955 2802707578850.7666
158125485718.37665 100337671825.55298
2087707432289.1301 2369946599789.226
1063518651346.3743 3211783494049.2173
2418519748697.9785 6765726212223.841
185044347532.61444 945352034813.9558
416802734255.87524 233839391484.8708
646495443108.3568 366080605135.8629
271970443300.28247 122704800685.52629
1120368637617.3772 922135126376.2595
After Selection (Parents Selected) 
[0.0, -1.0158064870601565e-12, -2.2279368783079784e-13, 7.224346726881496e-11, -2.23105036617923e-10, -1.2007805868967838e-15, 7.741167443366094e-16, 1.7798354322307447e-05, -1.3618472103865365e-06, -9.500239721146342e-09, 5.826186722881016e-10]
[0.0, -9.799531070748863e-13, -2.2360510561297265e-13, 7.834735950459624e-11, -1.796147561283011e-10, -1.1842542462759822e-15, 7.044590774572505e-16, 1.9725134576701022e-05, -1.5076288059654693e-06, -8.189447555948257e-09, 6.119897278710944e-10]
----------------------------
---After Crossover----
0 [0.0, -1.0158064870601565e-12, -2.2279368783079784e-13, 7.224346726881496e-11, -2.23105036617923e-10, -1.1842542462759822e-15, 7.044590774572505e-16, 1.9725134576701022e-05, -1.5076288059654693e-06, -8.189447555948257e-09, 6.119897278710944e-10]
1 [0.0, -9.799531070748863e-13, -2.2360510561297265e-13, 7.834735950459624e-11, -1.796147561283011e-10, -1.2007805868967838e-15, 7.741167443366094e-16, 1.7798354322307447e-05, -1.3618472103865365e-06, -9.500239721146342e-09, 5.826186722881016e-10]
2 [0.0, -1.0158064870601565e-12, -2.2279368783079784e-13, 7.224346726881496e-11, -2.23105036617923e-10, -1.1842542462759822e-15, 7.044590774572505e-16, 1.9725134576701022e-05, -1.5076288059654693e-06, -8.189447555948257e-09, 6.119897278710944e-10]
3 [0.0, -9.799531070748863e-13, -2.2360510561297265e-13, 7.834735950459624e-11, -1.796147561283011e-10, -1.2007805868967838e-15, 7.741167443366094e-16, 1.7798354322307447e-05, -1.3618472103865365e-06, -9.500239721146342e-09, 5.826186722881016e-10]
4 [0.0, -1.0158064870601565e-12, -2.2279368783079784e-13, 7.224346726881496e-11, -2.23105036617923e-10, -1.1842542462759822e-15, 7.044590774572505e-16, 1.9725134576701022e-05, -1.5076288059654693e-06, -8.189447555948257e-09, 6.119897278710944e-10]
5 [0.0, -9.799531070748863e-13, -2.2360510561297265e-13, 7.834735950459624e-11, -1.796147561283011e-10, -1.2007805868967838e-15, 7.741167443366094e-16, 1.7798354322307447e-05, -1.3618472103865365e-06, -9.500239721146342e-09, 5.826186722881016e-10]
6 [0.0, -1.0158064870601565e-12, -2.2279368783079784e-13, 7.224346726881496e-11, -2.23105036617923e-10, -1.1842542462759822e-15, 7.044590774572505e-16, 1.9725134576701022e-05, -1.5076288059654693e-06, -8.189447555948257e-09, 6.119897278710944e-10]
7 [0.0, -9.799531070748863e-13, -2.2360510561297265e-13, 7.834735950459624e-11, -1.796147561283011e-10, -1.2007805868967838e-15, 7.741167443366094e-16, 1.7798354322307447e-05, -1.3618472103865365e-06, -9.500239721146342e-09, 5.826186722881016e-10]
8 [0.0, -1.0158064870601565e-12, -2.2279368783079784e-13, 7.224346726881496e-11, -2.23105036617923e-10, -1.1842542462759822e-15, 7.044590774572505e-16, 1.9725134576701022e-05, -1.5076288059654693e-06, -8.189447555948257e-09, 6.119897278710944e-10]
9 [0.0, -9.799531070748863e-13, -2.2360510561297265e-13, 7.834735950459624e-11, -1.796147561283011e-10, -1.2007805868967838e-15, 7.741167443366094e-16, 1.7798354322307447e-05, -1.3618472103865365e-06, -9.500239721146342e-09, 5.826186722881016e-10]
----------------------------
----After Mutation--- 
0 [0.0, -1.0731704924139075e-12, -2.2740163242344845e-13, 7.120455831097394e-11, -2.1998313777770295e-10, -1.182477564958675e-15, 7.044590774572505e-16, 1.826991370194418e-05, -1.6172191418437783e-06, -7.971559437580495e-09, 6.601918855658355e-10]
1 [0.0, -1.0297234862580307e-12, -2.2360510561297265e-13, 8.08002673878594e-11, -1.830128648305663e-10, -1.1988310957728928e-15, 7.609585390076269e-16, 1.8706796976541365e-05, -1.2331476625424276e-06, -9.481318670108913e-09, 5.993071853644314e-10]
2 [0.0, -1.0531463534813555e-12, -2.35914993865746e-13, 7.638063002213354e-11, -2.039617513864728e-10, -1.231553245062981e-15, 7.096297930668172e-16, 1.8278125618194124e-05, -1.5251999582584665e-06, -8.842048194116876e-09, 6.119897278710944e-10]
3 [0.0, -1.041342682255908e-12, -2.447502799431469e-13, 8.42011760408168e-11, -1.9517661635163267e-10, -1.1632295765898869e-15, 8.255516822887904e-16, 1.7798354322307447e-05, -1.3713168302277235e-06, -1.0083596846397062e-08, 6.341613428822154e-10]
4 [0.0, -1.100008338700947e-12, -2.1448841432217223e-13, 7.224346726881496e-11, -2.2142397820564142e-10, -1.259780622110179e-15, 7.468939958621198e-16, 1.9310354321840937e-05, -1.5986306979404593e-06, -8.105850666521523e-09, 5.953829115336283e-10]
5 [0.0, -9.658903518974829e-13, -2.198175796921565e-13, 7.858640459201392e-11, -1.6535713553810104e-10, -1.1854103371223707e-15, 7.908032890930802e-16, 1.7929195207029635e-05, -1.303055406950715e-06, -1.0394326663700304e-08, 6.358208630661726e-10]
6 [0.0, -1.00021742745776e-12, -2.0413921086502113e-13, 7.706300839208012e-11, -2.2732904490716114e-10, -1.1209276507585932e-15, 6.841352884685472e-16, 2.0361245136501772e-05, -1.4973933781940224e-06, -8.447074525520123e-09, 5.730791381385697e-10]
7 [0.0, -9.370552862948533e-13, -2.21570823745242e-13, 8.520044091141193e-11, -1.642310631640036e-10, -1.1707083745488368e-15, 7.820939202947435e-16, 1.7088622210248026e-05, -1.3997501403692173e-06, -8.666020521480571e-09, 5.826186722881016e-10]
8 [0.0, -9.586077276403454e-13, -2.1342617808165278e-13, 7.127233535998756e-11, -2.376286282007193e-10, -1.1994911000386689e-15, 7.371633299616827e-16, 2.0201821486086063e-05, -1.5435059359478622e-06, -8.189447555948257e-09, 5.7880980991291e-10]
9 [0.0, -1.0654910984864436e-12, -2.301243741327821e-13, 8.151861690703204e-11, -1.796147561283011e-10, -1.2007805868967838e-15, 7.642766901131037e-16, 1.7798354322307447e-05, -1.4578951189575277e-06, -1.0116033644082452e-08, 5.826186722881016e-10]
----------------------------
Train and Validation error 
200884508479.86368 60941542067.07054
1739854777304.8484 4974688507774.557
929819462620.5293 811000569655.0261
203430468322.80377 863262325253.4884
2246648091888.9907 2542614388337.6436
892116525992.0125 2757769965199.1055
928915036745.915 722517353070.6531
346564620510.49335 174595235385.9952
1468260544048.2205 1389444418494.0986
2511395193227.362 3156415753927.2163

-------------------NEW GENERATION-------------
[0.0, -1.0731704924139075e-12, -2.2740163242344845e-13, 7.120455831097394e-11, -2.1998313777770295e-10, -1.182477564958675e-15, 7.044590774572505e-16, 1.826991370194418e-05, -1.6172191418437783e-06, -7.971559437580495e-09, 6.601918855658355e-10]

[0.0, -9.799531070748863e-13, -2.2360510561297265e-13, 7.834735950459624e-11, -1.796147561283011e-10, -1.1842542462759822e-15, 7.044590774572505e-16, 1.9725134576701022e-05, -1.5076288059654693e-06, -8.189447555948257e-09, 6.119897278710944e-10]

[0.0, -1.0158064870601565e-12, -2.2279368783079784e-13, 7.224346726881496e-11, -2.23105036617923e-10, -1.2007805868967838e-15, 7.741167443366094e-16, 1.7798354322307447e-05, -1.3618472103865365e-06, -9.500239721146342e-09, 5.826186722881016e-10]

[0.0, -9.370552862948533e-13, -2.21570823745242e-13, 8.520044091141193e-11, -1.642310631640036e-10, -1.1707083745488368e-15, 7.820939202947435e-16, 1.7088622210248026e-05, -1.3997501403692173e-06, -8.666020521480571e-09, 5.826186722881016e-10]

[0.0, -9.962501902921795e-13, -1.888872226015586e-13, 7.409158648699867e-11, -1.8978473660708288e-10, -1.104025102133041e-15, 7.52351330125844e-16, 1.8256895201764845e-05, -1.3202019262225211e-06, -1.0322142439655431e-08, 5.688551474515634e-10]

[0.0, -1.212610366641313e-12, -1.9881633880051726e-13, 6.288876568597704e-11, -1.7855355754781313e-10, -1.2561636273031072e-15, 6.871352466414493e-16, 2.0951413318689105e-05, -1.4821663097350425e-06, -8.726310116932003e-09, 5.794848520785482e-10]

[0.0, -1.041342682255908e-12, -2.447502799431469e-13, 8.42011760408168e-11, -1.9517661635163267e-10, -1.1632295765898869e-15, 8.255516822887904e-16, 1.7798354322307447e-05, -1.3713168302277235e-06, -1.0083596846397062e-08, 6.341613428822154e-10]

[0.0, -8.260320231658262e-13, -2.596476950825049e-13, 7.728049393643052e-11, -1.916154527331917e-10, -1.4822529423630021e-15, 8.668840282092459e-16, 1.4654387163887703e-05, -1.457476558449502e-06, -7.3233675235321446e-09, 6.494226471220462e-10]

[0.0, -1.00021742745776e-12, -2.0413921086502113e-13, 7.706300839208012e-11, -2.2732904490716114e-10, -1.1209276507585932e-15, 6.841352884685472e-16, 2.0361245136501772e-05, -1.4973933781940224e-06, -8.447074525520123e-09, 5.730791381385697e-10]

[0.0, -1.0531463534813555e-12, -2.35914993865746e-13, 7.638063002213354e-11, -2.039617513864728e-10, -1.231553245062981e-15, 7.096297930668172e-16, 1.8278125618194124e-05, -1.5251999582584665e-06, -8.842048194116876e-09, 6.119897278710944e-10]

--------------------GENERATION ENDED-------------


Train and Validation error 
200884508479.86368 60941542067.07054
158125485718.37665 100337671825.55298
271970443300.28247 122704800685.52629
346564620510.49335 174595235385.9952
416802734255.87524 233839391484.8708
646495443108.3568 366080605135.8629
203430468322.80377 863262325253.4884
185044347532.61444 945352034813.9558
928915036745.915 722517353070.6531
929819462620.5293 811000569655.0261
-------------------NEW GENERATION-------------

[0.0, -1.0731704924139075e-12, -2.2740163242344845e-13, 7.120455831097394e-11, -2.1998313777770295e-10, -1.182477564958675e-15, 7.044590774572505e-16, 1.826991370194418e-05, -1.6172191418437783e-06, -7.971559437580495e-09, 6.601918855658355e-10]

[0.0, -9.799531070748863e-13, -2.2360510561297265e-13, 7.834735950459624e-11, -1.796147561283011e-10, -1.1842542462759822e-15, 7.044590774572505e-16, 1.9725134576701022e-05, -1.5076288059654693e-06, -8.189447555948257e-09, 6.119897278710944e-10]

[0.0, -1.0158064870601565e-12, -2.2279368783079784e-13, 7.224346726881496e-11, -2.23105036617923e-10, -1.2007805868967838e-15, 7.741167443366094e-16, 1.7798354322307447e-05, -1.3618472103865365e-06, -9.500239721146342e-09, 5.826186722881016e-10]

[0.0, -9.370552862948533e-13, -2.21570823745242e-13, 8.520044091141193e-11, -1.642310631640036e-10, -1.1707083745488368e-15, 7.820939202947435e-16, 1.7088622210248026e-05, -1.3997501403692173e-06, -8.666020521480571e-09, 5.826186722881016e-10]

[0.0, -9.962501902921795e-13, -1.888872226015586e-13, 7.409158648699867e-11, -1.8978473660708288e-10, -1.104025102133041e-15, 7.52351330125844e-16, 1.8256895201764845e-05, -1.3202019262225211e-06, -1.0322142439655431e-08, 5.688551474515634e-10]

[0.0, -1.212610366641313e-12, -1.9881633880051726e-13, 6.288876568597704e-11, -1.7855355754781313e-10, -1.2561636273031072e-15, 6.871352466414493e-16, 2.0951413318689105e-05, -1.4821663097350425e-06, -8.726310116932003e-09, 5.794848520785482e-10]

[0.0, -1.041342682255908e-12, -2.447502799431469e-13, 8.42011760408168e-11, -1.9517661635163267e-10, -1.1632295765898869e-15, 8.255516822887904e-16, 1.7798354322307447e-05, -1.3713168302277235e-06, -1.0083596846397062e-08, 6.341613428822154e-10]

[0.0, -8.260320231658262e-13, -2.596476950825049e-13, 7.728049393643052e-11, -1.916154527331917e-10, -1.4822529423630021e-15, 8.668840282092459e-16, 1.4654387163887703e-05, -1.457476558449502e-06, -7.3233675235321446e-09, 6.494226471220462e-10]

[0.0, -1.00021742745776e-12, -2.0413921086502113e-13, 7.706300839208012e-11, -2.2732904490716114e-10, -1.1209276507585932e-15, 6.841352884685472e-16, 2.0361245136501772e-05, -1.4973933781940224e-06, -8.447074525520123e-09, 5.730791381385697e-10]

[0.0, -1.0531463534813555e-12, -2.35914993865746e-13, 7.638063002213354e-11, -2.039617513864728e-10, -1.231553245062981e-15, 7.096297930668172e-16, 1.8278125618194124e-05, -1.5251999582584665e-06, -8.842048194116876e-09, 6.119897278710944e-10]

--------------------GENERATION ENDED-------------

Final Vector submitted
[0.0, -1.0531463534813555e-12, -2.35914993865746e-13, 7.638063002213354e-11, -2.039617513864728e-10, -1.231553245062981e-15, 7.096297930668172e-16, 1.8278125618194124e-05, -1.5251999582584665e-06, -8.842048194116876e-09, 6.119897278710944e-10]
