Genetation iteration  0
--- Initial Population ----
[0.0, -9.842736886695162e-13, -2.1082094567497065e-13, 6.841034647994523e-11, -2.0639122780301806e-10, -1.3414699140869007e-15, 7.125803493898937e-16, 1.9667354196939275e-05, -1.72635306658357e-06, -9.762311844131919e-09, 6.465828609771768e-10]

[0.0, -1.0038834526076973e-12, -2.0543129652560763e-13, 6.939643508214906e-11, -2.564978008655398e-10, -1.549758341510296e-15, 7.484409545702786e-16, 1.997633630038875e-05, -1.6037470230316187e-06, -8.202336280830459e-09, 6.321315524690468e-10]

[0.0, -1.0255586950575031e-12, -2.094389543092798e-13, 6.582708774418068e-11, -2.600890885380967e-10, -1.4140598990717335e-15, 8.086173674715722e-16, 1.8962453680440975e-05, -1.5099932214865692e-06, -8.909350167320693e-09, 7.517185180874929e-10]

[0.0, -8.445691290525908e-13, -2.030098281481678e-13, 7.574178493286285e-11, -2.1128862545077241e-10, -1.4706409579595255e-15, 7.58565572532707e-16, 2.0365303535635597e-05, -1.6222346956168578e-06, -8.499160369266705e-09, 5.77233910449745e-10]

[0.0, -9.65013054580168e-13, -2.1291275315239016e-13, 6.622142352437327e-11, -2.3884252725249703e-10, -1.4583429303148393e-15, 8.177646103611063e-16, 1.9424819118571117e-05, -1.4654961951377405e-06, -8.143918884089969e-09, 6.325293931610165e-10]

[0.0, -1.0412942859977279e-12, -2.1241459400114439e-13, 6.057836890240915e-11, -2.395110990208256e-10, -1.521706545290738e-15, 8.010450237062333e-16, 1.877355486956368e-05, -1.670646717888412e-06, -9.058828205778252e-09, 6.984766571082783e-10]

[0.0, -1.030590778866154e-12, -2.2716985942821724e-13, 7.233487526984829e-11, -1.9482022452178233e-10, -1.6673905064175925e-15, 7.270017080325662e-16, 1.7647437493053922e-05, -1.37794286347701e-06, -9.148908203480028e-09, 6.220413065443354e-10]

[0.0, -8.99371667746194e-13, -1.9818997495830707e-13, 5.830384807656476e-11, -2.450287644432858e-10, -1.511228547433658e-15, 7.459622601515265e-16, 1.7672046681163688e-05, -1.5811045998107207e-06, -8.598470119923048e-09, 6.751334410461822e-10]

[0.0, -1.1660674833112134e-12, -1.9578286866363164e-13, 6.121302959551017e-11, -2.2053081447420138e-10, -1.2662044557564385e-15, 8.098401087785548e-16, 1.9943158665419076e-05, -1.6902462925192428e-06, -8.615073965273856e-09, 6.83108669229497e-10]

[0.0, -1.0583612194680225e-12, -2.102784522282317e-13, 6.190098921209085e-11, -2.5153357262526725e-10, -1.3906080458499391e-15, 8.083364402058641e-16, 1.7493670339856005e-05, -1.6991652659127731e-06, -8.015017424458262e-09, 5.82693679043338e-10]

----------------------------
Train and Validation error 
4996853023645.303 7058348783333.57
Train and Validation error 
798754179895.6948 466559912408.33594
Train and Validation error 
4834652022359.641 12074201872295.525
Train and Validation error 
4787943677532.877 6244842641346.552
Train and Validation error 
325843321059.5261 1320730905050.5981
Train and Validation error 
399606501147.4281 188346628975.1266
Train and Validation error 
158884901675.18707 658796554424.9531
Train and Validation error 
134743539533.11076 100250504489.97372
Train and Validation error 
399306509561.76135 156195614918.70288
Train and Validation error 
9100704926967.016 13823714091628.59
After Selection (Parents Selected) 
[0.0, -1.1660674833112134e-12, -1.9578286866363164e-13, 6.121302959551017e-11, -2.2053081447420138e-10, -1.2662044557564385e-15, 8.098401087785548e-16, 1.9943158665419076e-05, -1.6902462925192428e-06, -8.615073965273856e-09, 6.83108669229497e-10]
[0.0, -8.99371667746194e-13, -1.9818997495830707e-13, 5.830384807656476e-11, -2.450287644432858e-10, -1.511228547433658e-15, 7.459622601515265e-16, 1.7672046681163688e-05, -1.5811045998107207e-06, -8.598470119923048e-09, 6.751334410461822e-10]
----------------------------
---After Crossover----
0 [0.0, -1.1660674833112134e-12, -1.9578286866363164e-13, 6.121302959551017e-11, -2.2053081447420138e-10, -1.511228547433658e-15, 7.459622601515265e-16, 1.7672046681163688e-05, -1.5811045998107207e-06, -8.598470119923048e-09, 6.751334410461822e-10]
1 [0.0, -8.99371667746194e-13, -1.9818997495830707e-13, 5.830384807656476e-11, -2.450287644432858e-10, -1.2662044557564385e-15, 8.098401087785548e-16, 1.9943158665419076e-05, -1.6902462925192428e-06, -8.615073965273856e-09, 6.83108669229497e-10]
2 [0.0, -1.1660674833112134e-12, -1.9578286866363164e-13, 6.121302959551017e-11, -2.2053081447420138e-10, -1.511228547433658e-15, 7.459622601515265e-16, 1.7672046681163688e-05, -1.5811045998107207e-06, -8.598470119923048e-09, 6.751334410461822e-10]
3 [0.0, -8.99371667746194e-13, -1.9818997495830707e-13, 5.830384807656476e-11, -2.450287644432858e-10, -1.2662044557564385e-15, 8.098401087785548e-16, 1.9943158665419076e-05, -1.6902462925192428e-06, -8.615073965273856e-09, 6.83108669229497e-10]
4 [0.0, -1.1660674833112134e-12, -1.9578286866363164e-13, 6.121302959551017e-11, -2.2053081447420138e-10, -1.511228547433658e-15, 7.459622601515265e-16, 1.7672046681163688e-05, -1.5811045998107207e-06, -8.598470119923048e-09, 6.751334410461822e-10]
5 [0.0, -8.99371667746194e-13, -1.9818997495830707e-13, 5.830384807656476e-11, -2.450287644432858e-10, -1.2662044557564385e-15, 8.098401087785548e-16, 1.9943158665419076e-05, -1.6902462925192428e-06, -8.615073965273856e-09, 6.83108669229497e-10]
6 [0.0, -1.1660674833112134e-12, -1.9578286866363164e-13, 6.121302959551017e-11, -2.2053081447420138e-10, -1.511228547433658e-15, 7.459622601515265e-16, 1.7672046681163688e-05, -1.5811045998107207e-06, -8.598470119923048e-09, 6.751334410461822e-10]
7 [0.0, -8.99371667746194e-13, -1.9818997495830707e-13, 5.830384807656476e-11, -2.450287644432858e-10, -1.2662044557564385e-15, 8.098401087785548e-16, 1.9943158665419076e-05, -1.6902462925192428e-06, -8.615073965273856e-09, 6.83108669229497e-10]
8 [0.0, -1.1660674833112134e-12, -1.9578286866363164e-13, 6.121302959551017e-11, -2.2053081447420138e-10, -1.511228547433658e-15, 7.459622601515265e-16, 1.7672046681163688e-05, -1.5811045998107207e-06, -8.598470119923048e-09, 6.751334410461822e-10]
9 [0.0, -8.99371667746194e-13, -1.9818997495830707e-13, 5.830384807656476e-11, -2.450287644432858e-10, -1.2662044557564385e-15, 8.098401087785548e-16, 1.9943158665419076e-05, -1.6902462925192428e-06, -8.615073965273856e-09, 6.83108669229497e-10]
----------------------------
----After Mutation--- 
0 [0.0, -1.0583791381972758e-12, -1.8288053727785375e-13, 5.734329198952729e-11, -2.058721050463064e-10, -1.5822406792997563e-15, 7.476599189680669e-16, 1.659214326441791e-05, -1.450643730378974e-06, -8.598470119923048e-09, 6.310693305783502e-10]
1 [0.0, -8.468571473216275e-13, -1.8305267177158762e-13, 5.479891989020542e-11, -2.5492260107659716e-10, -1.2662044557564385e-15, 7.948798720013074e-16, 2.1279052665060546e-05, -1.8098756751050217e-06, -9.173007433508454e-09, 7.280269399897345e-10]
2 [0.0, -1.1121485787559752e-12, -1.774848168051656e-13, 6.210634802158722e-11, -2.3288016038690935e-10, -1.6491112711305139e-15, 7.657108453245014e-16, 1.7672046681163688e-05, -1.5423172503288963e-06, -9.122966184838103e-09, 6.751334410461822e-10]
3 [0.0, -8.874189149328186e-13, -1.9818997495830707e-13, 6.111334745264022e-11, -2.450287644432858e-10, -1.2712562201342207e-15, 8.641310071429734e-16, 2.1917907065015618e-05, -1.7069631020882233e-06, -8.992234785707999e-09, 6.957174754022993e-10]
4 [0.0, -1.1788691325036838e-12, -2.0970120075703146e-13, 6.476247312863778e-11, -2.3898513406299333e-10, -1.6543377395487374e-15, 7.158091145035797e-16, 1.741042881305398e-05, -1.6613198161044089e-06, -8.501757573893961e-09, 6.640626664042069e-10]
5 [0.0, -9.831939599372521e-13, -2.0227107892929153e-13, 5.934268144687462e-11, -2.450287644432858e-10, -1.1501667343019933e-15, 8.031312132453129e-16, 1.9943158665419076e-05, -1.741702102504028e-06, -7.909327546586364e-09, 6.673367578024433e-10]
6 [0.0, -1.2664738288791068e-12, -1.9578286866363164e-13, 6.158549053905927e-11, -2.0471220050491928e-10, -1.3995907781866906e-15, 7.459622601515265e-16, 1.7672046681163688e-05, -1.5531149815879932e-06, -8.582324531615347e-09, 6.751334410461822e-10]
7 [0.0, -9.438177460972787e-13, -2.127515663264628e-13, 6.403516912757332e-11, -2.43478710002981e-10, -1.2691328788530263e-15, 8.112330901610511e-16, 1.9731058810713943e-05, -1.6827696935665372e-06, -9.087711378559615e-09, 6.83108669229497e-10]
8 [0.0, -1.2191883867870406e-12, -1.9020968759635236e-13, 5.875629605259631e-11, -2.3178811781664941e-10, -1.640374572816599e-15, 7.672773419917352e-16, 1.8590504302190952e-05, -1.4885742968547487e-06, -8.580291937988467e-09, 6.245440937777201e-10]
9 [0.0, -8.942017751199187e-13, -1.9627991530209886e-13, 5.329391670427419e-11, -2.2294226282979697e-10, -1.216747394493772e-15, 8.532990095492029e-16, 2.1685315788908315e-05, -1.705697252249056e-06, -8.164283436551457e-09, 6.83108669229497e-10]
----------------------------
Train and Validation error 
153175665942.76776 139546641921.65973
Train and Validation error 
589314873773.4563 309747766242.0182
Train and Validation error 
122453433067.68242 153383411596.5506
Train and Validation error 
222543448260.3326 80095122568.13206
Train and Validation error 
1757085102652.0334 1806307959320.431
Train and Validation error 
1097943709970.2053 917131354665.2838
Train and Validation error 
71852256537.32173 370530217519.04114
Train and Validation error 
586995096611.1 372709600602.90076
Train and Validation error 
272337048908.4809 135820936409.69919
Train and Validation error 
237489119772.6206 123625444208.43631

-------------------NEW GENERATION-------------
[0.0, -8.99371667746194e-13, -1.9818997495830707e-13, 5.830384807656476e-11, -2.450287644432858e-10, -1.511228547433658e-15, 7.459622601515265e-16, 1.7672046681163688e-05, -1.5811045998107207e-06, -8.598470119923048e-09, 6.751334410461822e-10]

[0.0, -1.1660674833112134e-12, -1.9578286866363164e-13, 6.121302959551017e-11, -2.2053081447420138e-10, -1.2662044557564385e-15, 8.098401087785548e-16, 1.9943158665419076e-05, -1.6902462925192428e-06, -8.615073965273856e-09, 6.83108669229497e-10]

[0.0, -1.0412942859977279e-12, -2.1241459400114439e-13, 6.057836890240915e-11, -2.395110990208256e-10, -1.521706545290738e-15, 8.010450237062333e-16, 1.877355486956368e-05, -1.670646717888412e-06, -9.058828205778252e-09, 6.984766571082783e-10]

[0.0, -1.030590778866154e-12, -2.2716985942821724e-13, 7.233487526984829e-11, -1.9482022452178233e-10, -1.6673905064175925e-15, 7.270017080325662e-16, 1.7647437493053922e-05, -1.37794286347701e-06, -9.148908203480028e-09, 6.220413065443354e-10]

[0.0, -1.0038834526076973e-12, -2.0543129652560763e-13, 6.939643508214906e-11, -2.564978008655398e-10, -1.549758341510296e-15, 7.484409545702786e-16, 1.997633630038875e-05, -1.6037470230316187e-06, -8.202336280830459e-09, 6.321315524690468e-10]

[0.0, -9.65013054580168e-13, -2.1291275315239016e-13, 6.622142352437327e-11, -2.3884252725249703e-10, -1.4583429303148393e-15, 8.177646103611063e-16, 1.9424819118571117e-05, -1.4654961951377405e-06, -8.143918884089969e-09, 6.325293931610165e-10]

[0.0, -8.874189149328186e-13, -1.9818997495830707e-13, 6.111334745264022e-11, -2.450287644432858e-10, -1.2712562201342207e-15, 8.641310071429734e-16, 2.1917907065015618e-05, -1.7069631020882233e-06, -8.992234785707999e-09, 6.957174754022993e-10]

[0.0, -1.1121485787559752e-12, -1.774848168051656e-13, 6.210634802158722e-11, -2.3288016038690935e-10, -1.6491112711305139e-15, 7.657108453245014e-16, 1.7672046681163688e-05, -1.5423172503288963e-06, -9.122966184838103e-09, 6.751334410461822e-10]

[0.0, -1.0583791381972758e-12, -1.8288053727785375e-13, 5.734329198952729e-11, -2.058721050463064e-10, -1.5822406792997563e-15, 7.476599189680669e-16, 1.659214326441791e-05, -1.450643730378974e-06, -8.598470119923048e-09, 6.310693305783502e-10]

[0.0, -8.942017751199187e-13, -1.9627991530209886e-13, 5.329391670427419e-11, -2.2294226282979697e-10, -1.216747394493772e-15, 8.532990095492029e-16, 2.1685315788908315e-05, -1.705697252249056e-06, -8.164283436551457e-09, 6.83108669229497e-10]

--------------------GENERATION ENDED-------------


Genetation iteration  1
--- Initial Population ----
[0.0, -8.99371667746194e-13, -1.803001872201031e-13, 5.830384807656476e-11, -2.5319974861779473e-10, -1.6523038222009538e-15, 8.001712750220687e-16, 1.7672046681163688e-05, -1.5811045998107207e-06, -8.912593313867012e-09, 6.751334410461822e-10]

[0.0, -1.057986606648814e-12, -1.8336851450872684e-13, 6.121302959551017e-11, -2.2177233925301536e-10, -1.2059656359479406e-15, 8.605527052915918e-16, 1.9943158665419076e-05, -1.7349140159782557e-06, -9.44524022671587e-09, 6.160815966106293e-10]

[0.0, -9.497604951139098e-13, -2.0893014158014282e-13, 5.877174746056356e-11, -2.3632802106814217e-10, -1.6077056120669239e-15, 7.955512036257327e-16, 1.8717802142869838e-05, -1.5516789598880744e-06, -8.83874053692223e-09, 7.322331057046801e-10]

[0.0, -9.860747633584541e-13, -2.2716985942821724e-13, 7.077424987683888e-11, -1.9664505582216817e-10, -1.7623914862965834e-15, 7.910406311330617e-16, 1.6479868575338375e-05, -1.2782090303652546e-06, -8.715336579927249e-09, 6.805212818179874e-10]

[0.0, -9.161055437387586e-13, -2.005480126674278e-13, 6.484834986476092e-11, -2.409883217791191e-10, -1.420085902642447e-15, 7.864617197216052e-16, 1.8617601182852152e-05, -1.6037470230316187e-06, -8.202336280830459e-09, 6.321315524690468e-10]

[0.0, -9.65013054580168e-13, -2.3217031331750874e-13, 6.937282371924084e-11, -2.205333933005351e-10, -1.5695375340306823e-15, 8.848208458086751e-16, 1.8743090726934188e-05, -1.4411730698681763e-06, -7.615929463402644e-09, 5.77643254200774e-10]

[0.0, -9.325518374978589e-13, -1.9371335588000448e-13, 6.265471848605092e-11, -2.65898368237107e-10, -1.2712562201342207e-15, 8.933498812203247e-16, 2.391885693524718e-05, -1.8477032445268598e-06, -8.992234785707999e-09, 6.957174754022993e-10]

[0.0, -1.0065963280361992e-12, -1.640259997373953e-13, 5.905786945597002e-11, -2.2403548331951373e-10, -1.6559772313518321e-15, 6.978634559763162e-16, 1.7672046681163688e-05, -1.5423172503288963e-06, -8.560463466061584e-09, 6.430047919666967e-10]

[0.0, -9.851601591593973e-13, -1.8427533647306967e-13, 5.7389463739083747e-11, -2.2240052407867394e-10, -1.4466843045935289e-15, 7.682036760915824e-16, 1.7079775178681692e-05, -1.5068707368149192e-06, -9.092839004215968e-09, 6.052361230257601e-10]

[0.0, -8.081490642597574e-13, -2.02936142281585e-13, 5.267856585065501e-11, -2.420218939225631e-10, -1.2808357520599222e-15, 8.291466627043638e-16, 2.0252407675691747e-05, -1.5642471613447942e-06, -8.404569899804117e-09, 6.842310904776117e-10]

----------------------------
Train and Validation error 
292791762432.3259 125306128253.95267
Train and Validation error 
7300725593395.495 10993531736972.879
Train and Validation error 
1699227626144.9104 5113466191630.234
Train and Validation error 
5045314120567.525 13020985840178.168
Train and Validation error 
1058162841997.1995 870165705025.2289
Train and Validation error 
384660452146.3106 171163963798.4588
Train and Validation error 
1592875453639.024 1300042143010.9497
Train and Validation error 
512799081439.9595 265515259132.88788
Train and Validation error 
1895121394417.0461 2087147349270.9512
Train and Validation error 
730472792387.2885 2378047942366.229
After Selection (Parents Selected) 
[0.0, -9.65013054580168e-13, -2.3217031331750874e-13, 6.937282371924084e-11, -2.205333933005351e-10, -1.5695375340306823e-15, 8.848208458086751e-16, 1.8743090726934188e-05, -1.4411730698681763e-06, -7.615929463402644e-09, 5.77643254200774e-10]
[0.0, -8.99371667746194e-13, -1.803001872201031e-13, 5.830384807656476e-11, -2.5319974861779473e-10, -1.6523038222009538e-15, 8.001712750220687e-16, 1.7672046681163688e-05, -1.5811045998107207e-06, -8.912593313867012e-09, 6.751334410461822e-10]
----------------------------
---After Crossover----
0 [0.0, -9.65013054580168e-13, -2.3217031331750874e-13, 6.937282371924084e-11, -2.205333933005351e-10, -1.6523038222009538e-15, 8.001712750220687e-16, 1.7672046681163688e-05, -1.5811045998107207e-06, -8.912593313867012e-09, 6.751334410461822e-10]
1 [0.0, -8.99371667746194e-13, -1.803001872201031e-13, 5.830384807656476e-11, -2.5319974861779473e-10, -1.5695375340306823e-15, 8.848208458086751e-16, 1.8743090726934188e-05, -1.4411730698681763e-06, -7.615929463402644e-09, 5.77643254200774e-10]
2 [0.0, -9.65013054580168e-13, -2.3217031331750874e-13, 6.937282371924084e-11, -2.205333933005351e-10, -1.6523038222009538e-15, 8.001712750220687e-16, 1.7672046681163688e-05, -1.5811045998107207e-06, -8.912593313867012e-09, 6.751334410461822e-10]
3 [0.0, -8.99371667746194e-13, -1.803001872201031e-13, 5.830384807656476e-11, -2.5319974861779473e-10, -1.5695375340306823e-15, 8.848208458086751e-16, 1.8743090726934188e-05, -1.4411730698681763e-06, -7.615929463402644e-09, 5.77643254200774e-10]
4 [0.0, -9.65013054580168e-13, -2.3217031331750874e-13, 6.937282371924084e-11, -2.205333933005351e-10, -1.6523038222009538e-15, 8.001712750220687e-16, 1.7672046681163688e-05, -1.5811045998107207e-06, -8.912593313867012e-09, 6.751334410461822e-10]
5 [0.0, -8.99371667746194e-13, -1.803001872201031e-13, 5.830384807656476e-11, -2.5319974861779473e-10, -1.5695375340306823e-15, 8.848208458086751e-16, 1.8743090726934188e-05, -1.4411730698681763e-06, -7.615929463402644e-09, 5.77643254200774e-10]
6 [0.0, -9.65013054580168e-13, -2.3217031331750874e-13, 6.937282371924084e-11, -2.205333933005351e-10, -1.6523038222009538e-15, 8.001712750220687e-16, 1.7672046681163688e-05, -1.5811045998107207e-06, -8.912593313867012e-09, 6.751334410461822e-10]
7 [0.0, -8.99371667746194e-13, -1.803001872201031e-13, 5.830384807656476e-11, -2.5319974861779473e-10, -1.5695375340306823e-15, 8.848208458086751e-16, 1.8743090726934188e-05, -1.4411730698681763e-06, -7.615929463402644e-09, 5.77643254200774e-10]
8 [0.0, -9.65013054580168e-13, -2.3217031331750874e-13, 6.937282371924084e-11, -2.205333933005351e-10, -1.6523038222009538e-15, 8.001712750220687e-16, 1.7672046681163688e-05, -1.5811045998107207e-06, -8.912593313867012e-09, 6.751334410461822e-10]
9 [0.0, -8.99371667746194e-13, -1.803001872201031e-13, 5.830384807656476e-11, -2.5319974861779473e-10, -1.5695375340306823e-15, 8.848208458086751e-16, 1.8743090726934188e-05, -1.4411730698681763e-06, -7.615929463402644e-09, 5.77643254200774e-10]
----------------------------
----After Mutation--- 
0 [0.0, -9.975284996984093e-13, -2.467587346365353e-13, 7.443845801015657e-11, -2.3217703622286088e-10, -1.5598384982333766e-15, 7.42189235481813e-16, 1.694386756343886e-05, -1.4728233970493631e-06, -8.912593313867012e-09, 6.44147916695392e-10]
1 [0.0, -8.167686654977472e-13, -1.803001872201031e-13, 6.266080554845086e-11, -2.688422976005964e-10, -1.601458306178669e-15, 8.454712602571427e-16, 1.8811742483106854e-05, -1.482263773706179e-06, -7.836951612405349e-09, 5.53138247453213e-10]
2 [0.0, -9.305092314588615e-13, -2.3217031331750874e-13, 6.987953427062732e-11, -2.3566983769185836e-10, -1.6523038222009538e-15, 8.6868399005265e-16, 1.6599511403913278e-05, -1.5811045998107207e-06, -8.073363621694346e-09, 7.100091203468061e-10]
3 [0.0, -8.99371667746194e-13, -1.803001872201031e-13, 6.11795999932788e-11, -2.538364240840342e-10, -1.6103083433900152e-15, 8.436056368084827e-16, 2.053279636986789e-05, -1.5375724702376749e-06, -7.683523917775274e-09, 5.51161512040577e-10]
4 [0.0, -1.0246642984197054e-12, -2.3217031331750874e-13, 7.28144868981773e-11, -1.9911994375549058e-10, -1.7514481954660395e-15, 8.103351832578867e-16, 1.723173962626778e-05, -1.479428777207428e-06, -8.912593313867012e-09, 6.751334410461822e-10]
5 [0.0, -8.99371667746194e-13, -1.6479670201990291e-13, 6.322301919855452e-11, -2.5319974861779473e-10, -1.621285255233315e-15, 8.551690177278979e-16, 1.7126671420704697e-05, -1.4411730698681763e-06, -7.406080827047127e-09, 5.990633553540065e-10]
6 [0.0, -8.858399831849277e-13, -2.3095314247391036e-13, 6.456112270571874e-11, -2.2549272935324604e-10, -1.6418277730828644e-15, 7.315824838785815e-16, 1.643803996511827e-05, -1.499183036567667e-06, -8.649956900458108e-09, 6.926356671970913e-10]
7 [0.0, -9.75329332095739e-13, -1.6427447416860843e-13, 6.313425405836401e-11, -2.404268129452989e-10, -1.7246265515813879e-15, 8.568341864529591e-16, 1.7890436837089132e-05, -1.4411730698681763e-06, -7.880403362978502e-09, 5.77643254200774e-10]
8 [0.0, -9.781010695333423e-13, -2.4866540177377317e-13, 7.023187909580156e-11, -2.205333933005351e-10, -1.7504986674236286e-15, 8.049641868507287e-16, 1.65810139171569e-05, -1.5811045998107207e-06, -8.397890343255332e-09, 6.152090409178777e-10]
9 [0.0, -8.452833266639461e-13, -1.803001872201031e-13, 5.830384807656476e-11, -2.609084482650397e-10, -1.7117470988139514e-15, 8.781854293725187e-16, 1.7215318287628313e-05, -1.5794796987592726e-06, -8.305020140803728e-09, 5.301935761519542e-10]
----------------------------
Train and Validation error 
135753543366.57402 135960634094.06808
Train and Validation error 
2308682667548.0283 2385098197268.784
Train and Validation error 
274549929046.20517 1310319859930.9468
Train and Validation error 
2896934601876.007 3081430940787.5723
Train and Validation error 
213401381896.5303 1065972493429.4011
Train and Validation error 
192913275047.1147 174440544739.15976
Train and Validation error 
379971410425.1852 1641774191284.1482
Train and Validation error 
838253800869.2023 526662325271.45294
Train and Validation error 
3217623426037.9766 3854094896314.9165
Train and Validation error 
11590393978338.926 17423125623263.725

-------------------NEW GENERATION-------------
[0.0, -9.975284996984093e-13, -2.467587346365353e-13, 7.443845801015657e-11, -2.3217703622286088e-10, -1.5598384982333766e-15, 7.42189235481813e-16, 1.694386756343886e-05, -1.4728233970493631e-06, -8.912593313867012e-09, 6.44147916695392e-10]

[0.0, -8.99371667746194e-13, -1.803001872201031e-13, 5.830384807656476e-11, -2.5319974861779473e-10, -1.6523038222009538e-15, 8.001712750220687e-16, 1.7672046681163688e-05, -1.5811045998107207e-06, -8.912593313867012e-09, 6.751334410461822e-10]

[0.0, -8.99371667746194e-13, -1.6479670201990291e-13, 6.322301919855452e-11, -2.5319974861779473e-10, -1.621285255233315e-15, 8.551690177278979e-16, 1.7126671420704697e-05, -1.4411730698681763e-06, -7.406080827047127e-09, 5.990633553540065e-10]

[0.0, -9.65013054580168e-13, -2.3217031331750874e-13, 6.937282371924084e-11, -2.205333933005351e-10, -1.5695375340306823e-15, 8.848208458086751e-16, 1.8743090726934188e-05, -1.4411730698681763e-06, -7.615929463402644e-09, 5.77643254200774e-10]

[0.0, -1.0065963280361992e-12, -1.640259997373953e-13, 5.905786945597002e-11, -2.2403548331951373e-10, -1.6559772313518321e-15, 6.978634559763162e-16, 1.7672046681163688e-05, -1.5423172503288963e-06, -8.560463466061584e-09, 6.430047919666967e-10]

[0.0, -9.75329332095739e-13, -1.6427447416860843e-13, 6.313425405836401e-11, -2.404268129452989e-10, -1.7246265515813879e-15, 8.568341864529591e-16, 1.7890436837089132e-05, -1.4411730698681763e-06, -7.880403362978502e-09, 5.77643254200774e-10]

[0.0, -1.0246642984197054e-12, -2.3217031331750874e-13, 7.28144868981773e-11, -1.9911994375549058e-10, -1.7514481954660395e-15, 8.103351832578867e-16, 1.723173962626778e-05, -1.479428777207428e-06, -8.912593313867012e-09, 6.751334410461822e-10]

[0.0, -9.161055437387586e-13, -2.005480126674278e-13, 6.484834986476092e-11, -2.409883217791191e-10, -1.420085902642447e-15, 7.864617197216052e-16, 1.8617601182852152e-05, -1.6037470230316187e-06, -8.202336280830459e-09, 6.321315524690468e-10]

[0.0, -9.305092314588615e-13, -2.3217031331750874e-13, 6.987953427062732e-11, -2.3566983769185836e-10, -1.6523038222009538e-15, 8.6868399005265e-16, 1.6599511403913278e-05, -1.5811045998107207e-06, -8.073363621694346e-09, 7.100091203468061e-10]

[0.0, -8.858399831849277e-13, -2.3095314247391036e-13, 6.456112270571874e-11, -2.2549272935324604e-10, -1.6418277730828644e-15, 7.315824838785815e-16, 1.643803996511827e-05, -1.499183036567667e-06, -8.649956900458108e-09, 6.926356671970913e-10]

--------------------GENERATION ENDED-------------


Genetation iteration  2
--- Initial Population ----
[0.0, -9.975284996984093e-13, -2.5022850737469985e-13, 8.185322973257668e-11, -2.366068325539219e-10, -1.5302293552089106e-15, 7.42189235481813e-16, 1.6921640730497684e-05, -1.5652624274352308e-06, -8.380466431918929e-09, 6.259263318332591e-10]

[0.0, -9.567444142761199e-13, -1.6799134643856125e-13, 5.658871965679249e-11, -2.6575438950586236e-10, -1.6523038222009538e-15, 8.092617447309763e-16, 1.7672046681163688e-05, -1.623528728371151e-06, -8.943081958005614e-09, 7.270178789564002e-10]

[0.0, -8.99371667746194e-13, -1.6479670201990291e-13, 6.134570893541158e-11, -2.3879077696445433e-10, -1.4864485721878018e-15, 8.551690177278979e-16, 1.8559749779728348e-05, -1.3568674717981872e-06, -7.406080827047127e-09, 5.759327798403134e-10]

[0.0, -8.920767469159552e-13, -2.1565043552637583e-13, 6.820353882153043e-11, -2.0586786201884587e-10, -1.5079484358580084e-15, 9.625264780390783e-16, 1.73878246933259e-05, -1.4411730698681763e-06, -6.9207816388801625e-09, 5.895728545972358e-10]

[0.0, -1.0208331582455393e-12, -1.640259997373953e-13, 5.5406841135320355e-11, -2.2403548331951373e-10, -1.6559772313518321e-15, 6.985834871136497e-16, 1.8999698944883228e-05, -1.6934716334669103e-06, -8.560463466061584e-09, 6.626818823193541e-10]

[0.0, -1.060017166589783e-12, -1.7627291513980037e-13, 6.498045490937647e-11, -2.2991200498109042e-10, -1.6432579702906966e-15, 9.317762389299646e-16, 1.900312985444112e-05, -1.4411730698681763e-06, -7.77292272900137e-09, 5.719684372535941e-10]

[0.0, -1.122488281208232e-12, -2.2943288134274617e-13, 6.615025870915623e-11, -2.1187739705545146e-10, -1.7514481954660395e-15, 8.103351832578867e-16, 1.6494477065953427e-05, -1.479428777207428e-06, -9.18277066418669e-09, 6.339110948263881e-10]

[0.0, -8.578988553030067e-13, -1.8332586393167768e-13, 6.096564512372097e-11, -2.4753888351393405e-10, -1.3239080135900695e-15, 7.111847414106757e-16, 1.8617601182852152e-05, -1.4850720069422929e-06, -7.838285099736696e-09, 6.623168008275754e-10]

[0.0, -9.158813681178417e-13, -2.1995417801941431e-13, 7.343070335719049e-11, -2.3037951516706365e-10, -1.6523038222009538e-15, 8.405268575742971e-16, 1.776350017397126e-05, -1.5639129167848012e-06, -8.812708240570984e-09, 7.597620356793997e-10]

[0.0, -9.148499591898054e-13, -2.2552193380446857e-13, 6.456112270571874e-11, -2.4308626001765376e-10, -1.6648297226700998e-15, 6.935211523045896e-16, 1.643803996511827e-05, -1.4973151605874643e-06, -8.22787238455174e-09, 7.171012122986007e-10]

----------------------------
Train and Validation error 
1528582702677.9438 1528237110707.375
Train and Validation error 
128479462195.13004 762136121440.1676
Train and Validation error 
295927549361.0511 1204534539355.6006
Train and Validation error 
155475367993.67328 235151429009.90942
Train and Validation error 
1949360024314.1465 1982006902412.2688
Train and Validation error 
602966794576.295 303062403263.5494
Train and Validation error 
754436363406.663 495019108853.7837
Train and Validation error 
1010740125492.6924 3210490471821.312
Train and Validation error 
2497482403776.5117 7025151032759.427
Train and Validation error 
1658908170881.2798 5052772639009.166
After Selection (Parents Selected) 
[0.0, -1.060017166589783e-12, -1.7627291513980037e-13, 6.498045490937647e-11, -2.2991200498109042e-10, -1.6432579702906966e-15, 9.317762389299646e-16, 1.900312985444112e-05, -1.4411730698681763e-06, -7.77292272900137e-09, 5.719684372535941e-10]
[0.0, -8.920767469159552e-13, -2.1565043552637583e-13, 6.820353882153043e-11, -2.0586786201884587e-10, -1.5079484358580084e-15, 9.625264780390783e-16, 1.73878246933259e-05, -1.4411730698681763e-06, -6.9207816388801625e-09, 5.895728545972358e-10]
----------------------------
---After Crossover----
0 [0.0, -1.060017166589783e-12, -1.7627291513980037e-13, 6.498045490937647e-11, -2.2991200498109042e-10, -1.5079484358580084e-15, 9.625264780390783e-16, 1.73878246933259e-05, -1.4411730698681763e-06, -6.9207816388801625e-09, 5.895728545972358e-10]
1 [0.0, -8.920767469159552e-13, -2.1565043552637583e-13, 6.820353882153043e-11, -2.0586786201884587e-10, -1.6432579702906966e-15, 9.317762389299646e-16, 1.900312985444112e-05, -1.4411730698681763e-06, -7.77292272900137e-09, 5.719684372535941e-10]
2 [0.0, -1.060017166589783e-12, -1.7627291513980037e-13, 6.498045490937647e-11, -2.2991200498109042e-10, -1.5079484358580084e-15, 9.625264780390783e-16, 1.73878246933259e-05, -1.4411730698681763e-06, -6.9207816388801625e-09, 5.895728545972358e-10]
3 [0.0, -8.920767469159552e-13, -2.1565043552637583e-13, 6.820353882153043e-11, -2.0586786201884587e-10, -1.6432579702906966e-15, 9.317762389299646e-16, 1.900312985444112e-05, -1.4411730698681763e-06, -7.77292272900137e-09, 5.719684372535941e-10]
4 [0.0, -1.060017166589783e-12, -1.7627291513980037e-13, 6.498045490937647e-11, -2.2991200498109042e-10, -1.5079484358580084e-15, 9.625264780390783e-16, 1.73878246933259e-05, -1.4411730698681763e-06, -6.9207816388801625e-09, 5.895728545972358e-10]
5 [0.0, -8.920767469159552e-13, -2.1565043552637583e-13, 6.820353882153043e-11, -2.0586786201884587e-10, -1.6432579702906966e-15, 9.317762389299646e-16, 1.900312985444112e-05, -1.4411730698681763e-06, -7.77292272900137e-09, 5.719684372535941e-10]
6 [0.0, -1.060017166589783e-12, -1.7627291513980037e-13, 6.498045490937647e-11, -2.2991200498109042e-10, -1.5079484358580084e-15, 9.625264780390783e-16, 1.73878246933259e-05, -1.4411730698681763e-06, -6.9207816388801625e-09, 5.895728545972358e-10]
7 [0.0, -8.920767469159552e-13, -2.1565043552637583e-13, 6.820353882153043e-11, -2.0586786201884587e-10, -1.6432579702906966e-15, 9.317762389299646e-16, 1.900312985444112e-05, -1.4411730698681763e-06, -7.77292272900137e-09, 5.719684372535941e-10]
8 [0.0, -1.060017166589783e-12, -1.7627291513980037e-13, 6.498045490937647e-11, -2.2991200498109042e-10, -1.5079484358580084e-15, 9.625264780390783e-16, 1.73878246933259e-05, -1.4411730698681763e-06, -6.9207816388801625e-09, 5.895728545972358e-10]
9 [0.0, -8.920767469159552e-13, -2.1565043552637583e-13, 6.820353882153043e-11, -2.0586786201884587e-10, -1.6432579702906966e-15, 9.317762389299646e-16, 1.900312985444112e-05, -1.4411730698681763e-06, -7.77292272900137e-09, 5.719684372535941e-10]
----------------------------
----After Mutation--- 
0 [0.0, -1.0069686066538959e-12, -1.8670826532676176e-13, 5.925447038312715e-11, -2.1670144642206625e-10, -1.458520794278937e-15, 9.049313383776824e-16, 1.8395764968570008e-05, -1.3051930818117634e-06, -6.884602400371763e-09, 5.895728545972358e-10]
1 [0.0, -9.544134456372933e-13, -1.994764085526016e-13, 7.371375691035276e-11, -1.8712346381232632e-10, -1.5117591937639442e-15, 8.472762344426844e-16, 1.7716391256111383e-05, -1.4411730698681763e-06, -8.269136512138457e-09, 5.504397885327906e-10]
2 [0.0, -1.085720575759871e-12, -1.801729102191478e-13, 7.14237652281168e-11, -2.182400328813557e-10, -1.5079484358580084e-15, 1.033350784451782e-15, 1.7068131662575536e-05, -1.561457799386182e-06, -6.749652772354934e-09, 5.34430136957654e-10]
3 [0.0, -8.118314453743959e-13, -2.1565043552637583e-13, 7.058584737479265e-11, -2.2411826867107714e-10, -1.6130856424064838e-15, 1.0045785740932301e-15, 2.0390221858694278e-05, -1.3479655053817755e-06, -7.77292272900137e-09, 5.394330768430475e-10]
4 [0.0, -1.093732361156561e-12, -1.6073721379166033e-13, 5.876056197187065e-11, -2.447880391803532e-10, -1.6458761415145728e-15, 8.683284137049725e-16, 1.7356893120721542e-05, -1.5632916923645906e-06, -6.9207816388801625e-09, 5.895728545972358e-10]
5 [0.0, -9.702266939775824e-13, -2.0059107549514772e-13, 6.852079453261607e-11, -1.9444041488978988e-10, -1.78040674167074e-15, 9.10833850739639e-16, 1.823000617097096e-05, -1.3228562375786049e-06, -7.084282390023612e-09, 5.804546313101675e-10]
6 [0.0, -9.546496208373105e-13, -1.644587094985471e-13, 6.685372094673601e-11, -2.1490225003279923e-10, -1.6110829370528874e-15, 9.625264780390783e-16, 1.7342438404725206e-05, -1.3639172003075377e-06, -6.481579227654061e-09, 5.463041305023478e-10]
7 [0.0, -9.074216810608911e-13, -2.344331274829295e-13, 6.820353882153043e-11, -2.0586786201884587e-10, -1.6432579702906966e-15, 9.014345095457977e-16, 1.8995105015675426e-05, -1.523032834119657e-06, -8.53243216736994e-09, 5.466167089577416e-10]
8 [0.0, -1.1396099939012382e-12, -1.822675027287292e-13, 7.007319614703179e-11, -2.297525440649358e-10, -1.5079484358580084e-15, 9.136971976170474e-16, 1.661873946421916e-05, -1.4411730698681763e-06, -6.871822778650354e-09, 5.869703222992678e-10]
9 [0.0, -8.972561566223733e-13, -2.2557186739337786e-13, 7.053451276168162e-11, -2.1209797426451274e-10, -1.566396055604872e-15, 9.317762389299646e-16, 1.836782194796032e-05, -1.368412716860813e-06, -7.587110749764426e-09, 5.300123069317467e-10]
----------------------------
Train and Validation error 
1945885338628.36 5744701193054.475
Train and Validation error 
2331240171487.0864 2555547018907.455
Train and Validation error 
5793912646941.446 7883694031181.939
Train and Validation error 
293503724553.04083 312412997160.2087
Train and Validation error 
1880343148202.8403 1809131049136.3718
Train and Validation error 
690001620932.163 2588832571001.185
Train and Validation error 
238591314363.6876 247641457271.23593
Train and Validation error 
5267498448350.866 6893698555867.337
Train and Validation error 
213956181889.03348 127743857414.1254
Train and Validation error 
952069277470.517 655896448002.2404

-------------------NEW GENERATION-------------
[0.0, -1.1396099939012382e-12, -1.822675027287292e-13, 7.007319614703179e-11, -2.297525440649358e-10, -1.5079484358580084e-15, 9.136971976170474e-16, 1.661873946421916e-05, -1.4411730698681763e-06, -6.871822778650354e-09, 5.869703222992678e-10]

[0.0, -9.546496208373105e-13, -1.644587094985471e-13, 6.685372094673601e-11, -2.1490225003279923e-10, -1.6110829370528874e-15, 9.625264780390783e-16, 1.7342438404725206e-05, -1.3639172003075377e-06, -6.481579227654061e-09, 5.463041305023478e-10]

[0.0, -8.920767469159552e-13, -2.1565043552637583e-13, 6.820353882153043e-11, -2.0586786201884587e-10, -1.5079484358580084e-15, 9.625264780390783e-16, 1.73878246933259e-05, -1.4411730698681763e-06, -6.9207816388801625e-09, 5.895728545972358e-10]

[0.0, -8.118314453743959e-13, -2.1565043552637583e-13, 7.058584737479265e-11, -2.2411826867107714e-10, -1.6130856424064838e-15, 1.0045785740932301e-15, 2.0390221858694278e-05, -1.3479655053817755e-06, -7.77292272900137e-09, 5.394330768430475e-10]

[0.0, -1.060017166589783e-12, -1.7627291513980037e-13, 6.498045490937647e-11, -2.2991200498109042e-10, -1.6432579702906966e-15, 9.317762389299646e-16, 1.900312985444112e-05, -1.4411730698681763e-06, -7.77292272900137e-09, 5.719684372535941e-10]

[0.0, -8.972561566223733e-13, -2.2557186739337786e-13, 7.053451276168162e-11, -2.1209797426451274e-10, -1.566396055604872e-15, 9.317762389299646e-16, 1.836782194796032e-05, -1.368412716860813e-06, -7.587110749764426e-09, 5.300123069317467e-10]

[0.0, -9.567444142761199e-13, -1.6799134643856125e-13, 5.658871965679249e-11, -2.6575438950586236e-10, -1.6523038222009538e-15, 8.092617447309763e-16, 1.7672046681163688e-05, -1.623528728371151e-06, -8.943081958005614e-09, 7.270178789564002e-10]

[0.0, -1.122488281208232e-12, -2.2943288134274617e-13, 6.615025870915623e-11, -2.1187739705545146e-10, -1.7514481954660395e-15, 8.103351832578867e-16, 1.6494477065953427e-05, -1.479428777207428e-06, -9.18277066418669e-09, 6.339110948263881e-10]

[0.0, -8.99371667746194e-13, -1.6479670201990291e-13, 6.134570893541158e-11, -2.3879077696445433e-10, -1.4864485721878018e-15, 8.551690177278979e-16, 1.8559749779728348e-05, -1.3568674717981872e-06, -7.406080827047127e-09, 5.759327798403134e-10]

[0.0, -1.093732361156561e-12, -1.6073721379166033e-13, 5.876056197187065e-11, -2.447880391803532e-10, -1.6458761415145728e-15, 8.683284137049725e-16, 1.7356893120721542e-05, -1.5632916923645906e-06, -6.9207816388801625e-09, 5.895728545972358e-10]

--------------------GENERATION ENDED-------------


Genetation iteration  3
--- Initial Population ----
[0.0, -1.0807353180531325e-12, -1.8855986542761305e-13, 6.469574280961205e-11, -2.48854304309921e-10, -1.5079484358580084e-15, 9.136971976170474e-16, 1.5574998389047505e-05, -1.4411730698681763e-06, -6.871822778650354e-09, 6.304247628117432e-10]

[0.0, -9.984246727483964e-13, -1.7668938818066377e-13, 6.685372094673601e-11, -2.3218988998349152e-10, -1.5422339463908398e-15, 9.040412646252579e-16, 1.666636849738615e-05, -1.2720305025949894e-06, -6.481579227654061e-09, 5.276358981632838e-10]

[0.0, -9.762589191747573e-13, -2.0467989747243598e-13, 7.295628069678671e-11, -2.0586786201884587e-10, -1.5079484358580084e-15, 9.2998886074808e-16, 1.7231509915502612e-05, -1.5505688344572814e-06, -6.9207816388801625e-09, 6.372807391364349e-10]

[0.0, -8.118314453743959e-13, -1.9580666303560822e-13, 6.413080285831653e-11, -2.3438057957171015e-10, -1.6130856424064838e-15, 9.74879103795618e-16, 2.0390221858694278e-05, -1.3388598767113922e-06, -7.166173446267393e-09, 5.749188618022916e-10]

[0.0, -1.063069852361724e-12, -1.8574707415094188e-13, 5.896665475103959e-11, -2.506561486766943e-10, -1.6432579702906966e-15, 9.317762389299646e-16, 1.954396988131127e-05, -1.4411730698681763e-06, -7.3849696711945096e-09, 5.65655664390442e-10]

[0.0, -9.495241162115593e-13, -2.4714052492913105e-13, 6.561017648785783e-11, -2.1209797426451274e-10, -1.6447408771952702e-15, 9.573629411461454e-16, 1.6923241509546662e-05, -1.2867684668730884e-06, -7.69467796415094e-09, 5.405008456742427e-10]

[0.0, -9.567444142761199e-13, -1.6799134643856125e-13, 6.049885404915235e-11, -2.6128069009714877e-10, -1.6965285330375293e-15, 7.804292611237556e-16, 1.7795973079730845e-05, -1.5730746788725164e-06, -9.118666099533571e-09, 7.270178789564002e-10]

[0.0, -1.0474195878875553e-12, -2.2943288134274617e-13, 7.00855522727734e-11, -2.2353251804768952e-10, -1.7604667721279897e-15, 8.17034573433651e-16, 1.7488102208213317e-05, -1.3856338050526855e-06, -9.371307879790628e-09, 6.339110948263881e-10]

[0.0, -8.99371667746194e-13, -1.811467596413682e-13, 6.134570893541158e-11, -2.4664587422879734e-10, -1.518531297964151e-15, 7.798299136960342e-16, 1.974784153792912e-05, -1.4351911175950954e-06, -7.418262790079183e-09, 5.469459676351424e-10]

[0.0, -1.1352215633370256e-12, -1.6264115553545475e-13, 5.7391367692568014e-11, -2.551698968662249e-10, -1.6458761415145728e-15, 8.463728524762233e-16, 1.6312464036631334e-05, -1.6551883240079558e-06, -7.479559139208639e-09, 5.895728545972358e-10]

----------------------------
Train and Validation error 
280812210821.39825 1263969129548.2083
Train and Validation error 
200954065026.2643 715641263545.6117
Train and Validation error 
138171485431.00568 185368325034.6329
Train and Validation error 
1010848638331.0248 3387536504566.8677
Train and Validation error 
482473056627.4289 215387552203.507
Train and Validation error 
258223421585.95386 253776477473.0047
Train and Validation error 
468789251522.99396 1941851010955.9668
Train and Validation error 
171192529205.73297 701841386725.7048
Train and Validation error 
802217620201.4285 458275657018.6411
Train and Validation error 
6753951595273.311 9554458136470.355
After Selection (Parents Selected) 
[0.0, -9.495241162115593e-13, -2.4714052492913105e-13, 6.561017648785783e-11, -2.1209797426451274e-10, -1.6447408771952702e-15, 9.573629411461454e-16, 1.6923241509546662e-05, -1.2867684668730884e-06, -7.69467796415094e-09, 5.405008456742427e-10]
[0.0, -9.762589191747573e-13, -2.0467989747243598e-13, 7.295628069678671e-11, -2.0586786201884587e-10, -1.5079484358580084e-15, 9.2998886074808e-16, 1.7231509915502612e-05, -1.5505688344572814e-06, -6.9207816388801625e-09, 6.372807391364349e-10]
----------------------------
---After Crossover----
0 [0.0, -9.495241162115593e-13, -2.4714052492913105e-13, 6.561017648785783e-11, -2.1209797426451274e-10, -1.5079484358580084e-15, 9.2998886074808e-16, 1.7231509915502612e-05, -1.5505688344572814e-06, -6.9207816388801625e-09, 6.372807391364349e-10]
1 [0.0, -9.762589191747573e-13, -2.0467989747243598e-13, 7.295628069678671e-11, -2.0586786201884587e-10, -1.6447408771952702e-15, 9.573629411461454e-16, 1.6923241509546662e-05, -1.2867684668730884e-06, -7.69467796415094e-09, 5.405008456742427e-10]
2 [0.0, -9.495241162115593e-13, -2.4714052492913105e-13, 6.561017648785783e-11, -2.1209797426451274e-10, -1.5079484358580084e-15, 9.2998886074808e-16, 1.7231509915502612e-05, -1.5505688344572814e-06, -6.9207816388801625e-09, 6.372807391364349e-10]
3 [0.0, -9.762589191747573e-13, -2.0467989747243598e-13, 7.295628069678671e-11, -2.0586786201884587e-10, -1.6447408771952702e-15, 9.573629411461454e-16, 1.6923241509546662e-05, -1.2867684668730884e-06, -7.69467796415094e-09, 5.405008456742427e-10]
4 [0.0, -9.495241162115593e-13, -2.4714052492913105e-13, 6.561017648785783e-11, -2.1209797426451274e-10, -1.5079484358580084e-15, 9.2998886074808e-16, 1.7231509915502612e-05, -1.5505688344572814e-06, -6.9207816388801625e-09, 6.372807391364349e-10]
5 [0.0, -9.762589191747573e-13, -2.0467989747243598e-13, 7.295628069678671e-11, -2.0586786201884587e-10, -1.6447408771952702e-15, 9.573629411461454e-16, 1.6923241509546662e-05, -1.2867684668730884e-06, -7.69467796415094e-09, 5.405008456742427e-10]
6 [0.0, -9.495241162115593e-13, -2.4714052492913105e-13, 6.561017648785783e-11, -2.1209797426451274e-10, -1.5079484358580084e-15, 9.2998886074808e-16, 1.7231509915502612e-05, -1.5505688344572814e-06, -6.9207816388801625e-09, 6.372807391364349e-10]
7 [0.0, -9.762589191747573e-13, -2.0467989747243598e-13, 7.295628069678671e-11, -2.0586786201884587e-10, -1.6447408771952702e-15, 9.573629411461454e-16, 1.6923241509546662e-05, -1.2867684668730884e-06, -7.69467796415094e-09, 5.405008456742427e-10]
8 [0.0, -9.495241162115593e-13, -2.4714052492913105e-13, 6.561017648785783e-11, -2.1209797426451274e-10, -1.5079484358580084e-15, 9.2998886074808e-16, 1.7231509915502612e-05, -1.5505688344572814e-06, -6.9207816388801625e-09, 6.372807391364349e-10]
9 [0.0, -9.762589191747573e-13, -2.0467989747243598e-13, 7.295628069678671e-11, -2.0586786201884587e-10, -1.6447408771952702e-15, 9.573629411461454e-16, 1.6923241509546662e-05, -1.2867684668730884e-06, -7.69467796415094e-09, 5.405008456742427e-10]
----------------------------
----After Mutation--- 
0 [0.0, -1.04409717579666e-12, -2.60099953088842e-13, 6.561017648785783e-11, -2.1209797426451274e-10, -1.6457679808055227e-15, 8.617328547840082e-16, 1.617453538317711e-05, -1.620349581982221e-06, -6.376187908473927e-09, 6.302607222767653e-10]
1 [0.0, -1.0217548565977543e-12, -2.091320763566453e-13, 7.468219523530863e-11, -1.9004672626318544e-10, -1.6447408771952702e-15, 9.573629411461454e-16, 1.6238134014593286e-05, -1.2867684668730884e-06, -8.16503764641699e-09, 5.490666066871773e-10]
2 [0.0, -1.0138794250992643e-12, -2.4714052492913105e-13, 6.225859494704935e-11, -2.1209797426451274e-10, -1.5079484358580084e-15, 9.2998886074808e-16, 1.6124304628540878e-05, -1.556237827296265e-06, -6.357068689682307e-09, 6.3593871503758e-10]
3 [0.0, -9.984433109158221e-13, -1.8513207467285752e-13, 7.901431748653896e-11, -1.9876779314933346e-10, -1.5699181633176192e-15, 9.361800386960892e-16, 1.7460664087045475e-05, -1.2365085571225144e-06, -7.229184541576856e-09, 5.405008456742427e-10]
4 [0.0, -1.0325756265216619e-12, -2.2395757737647708e-13, 7.139597111946528e-11, -1.953916529907275e-10, -1.5869861500680697e-15, 9.2998886074808e-16, 1.5699226651868192e-05, -1.3972876791061602e-06, -7.4094113609243775e-09, 6.764367016734944e-10]
5 [0.0, -1.0226797017721344e-12, -2.122297015054657e-13, 7.4297658492889e-11, -1.994423696078418e-10, -1.609539560744273e-15, 8.971976715842787e-16, 1.6923241509546662e-05, -1.3170542736675993e-06, -8.1612308215983e-09, 5.240911035728355e-10]
6 [0.0, -9.012773613495434e-13, -2.3489755002381526e-13, 6.561017648785783e-11, -2.2185347154285099e-10, -1.6049602446017204e-15, 9.46853454454443e-16, 1.7231509915502612e-05, -1.4699415148179064e-06, -6.992230500135705e-09, 6.135374778814567e-10]
7 [0.0, -1.0254264408948548e-12, -2.0981465008278279e-13, 7.019857181765109e-11, -2.1224521801608508e-10, -1.534513453759965e-15, 8.906194415487694e-16, 1.6791452579737646e-05, -1.2887141447973486e-06, -7.578401777029768e-09, 5.813275948361129e-10]
8 [0.0, -8.948208762434229e-13, -2.501851651818168e-13, 6.863173915610566e-11, -2.1209797426451274e-10, -1.3878404192939938e-15, 8.832168445312164e-16, 1.8014501102091168e-05, -1.5505688344572814e-06, -6.786529062186958e-09, 6.328540844427123e-10]
9 [0.0, -9.279954976815395e-13, -2.0467989747243598e-13, 7.045518931998148e-11, -2.0586786201884587e-10, -1.5629958988097378e-15, 9.512576759872293e-16, 1.5786905115112794e-05, -1.366534404202059e-06, -8.43389863041597e-09, 5.42544681001209e-10]
----------------------------
Train and Validation error 
1023520367017.2281 755009399563.6823
Train and Validation error 
349179482791.93866 207254160157.9173
Train and Validation error 
140502224722.4196 149460234200.53616
Train and Validation error 
479229594620.5575 1864199655916.8293
Train and Validation error 
2525297078057.3516 7097168074429.591
Train and Validation error 
1325013458682.643 1116354543415.3467
Train and Validation error 
136992978710.11528 409183017863.30884
Train and Validation error 
603018337515.8896 2253885100206.888
Train and Validation error 
143237572440.54883 358410640497.513
Train and Validation error 
2173100345667.8972 2337007209379.136

-------------------NEW GENERATION-------------
[0.0, -1.0138794250992643e-12, -2.4714052492913105e-13, 6.225859494704935e-11, -2.1209797426451274e-10, -1.5079484358580084e-15, 9.2998886074808e-16, 1.6124304628540878e-05, -1.556237827296265e-06, -6.357068689682307e-09, 6.3593871503758e-10]

[0.0, -9.762589191747573e-13, -2.0467989747243598e-13, 7.295628069678671e-11, -2.0586786201884587e-10, -1.5079484358580084e-15, 9.2998886074808e-16, 1.7231509915502612e-05, -1.5505688344572814e-06, -6.9207816388801625e-09, 6.372807391364349e-10]

[0.0, -9.495241162115593e-13, -2.4714052492913105e-13, 6.561017648785783e-11, -2.1209797426451274e-10, -1.6447408771952702e-15, 9.573629411461454e-16, 1.6923241509546662e-05, -1.2867684668730884e-06, -7.69467796415094e-09, 5.405008456742427e-10]

[0.0, -1.0217548565977543e-12, -2.091320763566453e-13, 7.468219523530863e-11, -1.9004672626318544e-10, -1.6447408771952702e-15, 9.573629411461454e-16, 1.6238134014593286e-05, -1.2867684668730884e-06, -8.16503764641699e-09, 5.490666066871773e-10]

[0.0, -1.063069852361724e-12, -1.8574707415094188e-13, 5.896665475103959e-11, -2.506561486766943e-10, -1.6432579702906966e-15, 9.317762389299646e-16, 1.954396988131127e-05, -1.4411730698681763e-06, -7.3849696711945096e-09, 5.65655664390442e-10]

[0.0, -8.948208762434229e-13, -2.501851651818168e-13, 6.863173915610566e-11, -2.1209797426451274e-10, -1.3878404192939938e-15, 8.832168445312164e-16, 1.8014501102091168e-05, -1.5505688344572814e-06, -6.786529062186958e-09, 6.328540844427123e-10]

[0.0, -9.012773613495434e-13, -2.3489755002381526e-13, 6.561017648785783e-11, -2.2185347154285099e-10, -1.6049602446017204e-15, 9.46853454454443e-16, 1.7231509915502612e-05, -1.4699415148179064e-06, -6.992230500135705e-09, 6.135374778814567e-10]

[0.0, -1.0474195878875553e-12, -2.2943288134274617e-13, 7.00855522727734e-11, -2.2353251804768952e-10, -1.7604667721279897e-15, 8.17034573433651e-16, 1.7488102208213317e-05, -1.3856338050526855e-06, -9.371307879790628e-09, 6.339110948263881e-10]

[0.0, -9.984246727483964e-13, -1.7668938818066377e-13, 6.685372094673601e-11, -2.3218988998349152e-10, -1.5422339463908398e-15, 9.040412646252579e-16, 1.666636849738615e-05, -1.2720305025949894e-06, -6.481579227654061e-09, 5.276358981632838e-10]

[0.0, -8.99371667746194e-13, -1.811467596413682e-13, 6.134570893541158e-11, -2.4664587422879734e-10, -1.518531297964151e-15, 7.798299136960342e-16, 1.974784153792912e-05, -1.4351911175950954e-06, -7.418262790079183e-09, 5.469459676351424e-10]

--------------------GENERATION ENDED-------------


Genetation iteration  4
--- Initial Population ----
[0.0, -1.0903305353894476e-12, -2.281273726400714e-13, 6.225859494704935e-11, -1.9326453288303543e-10, -1.5079484358580084e-15, 9.2998886074808e-16, 1.5050487047985584e-05, -1.4701860242281026e-06, -6.76163838052403e-09, 6.733588365117522e-10]

[0.0, -9.138261439908246e-13, -2.0698291554784802e-13, 7.295628069678671e-11, -1.9956285755048192e-10, -1.5079484358580084e-15, 9.2998886074808e-16, 1.67394023444546e-05, -1.5851011494097764e-06, -6.9207816388801625e-09, 6.229717644559216e-10]

[0.0, -9.249988901080928e-13, -2.304296664302904e-13, 6.561017648785783e-11, -2.0806134006552604e-10, -1.6447408771952702e-15, 8.90813430384186e-16, 1.5294471452290984e-05, -1.1698070684673905e-06, -7.69467796415094e-09, 5.357307121323103e-10]

[0.0, -1.1105858751718719e-12, -2.1454653248890123e-13, 8.150266592768595e-11, -1.868977203417746e-10, -1.7813521214571472e-15, 8.625030587624993e-16, 1.6238134014593286e-05, -1.286684518819074e-06, -7.858552389396473e-09, 5.895430401649278e-10]

[0.0, -1.0825188621311405e-12, -2.0348937744155524e-13, 5.439533009973853e-11, -2.5667605939465337e-10, -1.5295966441742625e-15, 9.945575983685356e-16, 1.878637662442414e-05, -1.3967214761474463e-06, -6.89796400127112e-09, 5.65655664390442e-10]

[0.0, -8.613952385302254e-13, -2.501851651818168e-13, 6.863173915610566e-11, -2.2689719053487717e-10, -1.4877480349458048e-15, 8.638949692585437e-16, 1.781340173547762e-05, -1.6313479232797873e-06, -6.476581650357901e-09, 6.908105514314885e-10]

[0.0, -9.87258285217024e-13, -2.1735338977789732e-13, 6.04657987616863e-11, -2.1104631465276399e-10, -1.5927009342982706e-15, 9.109677306698085e-16, 1.5927271379610517e-05, -1.4699415148179064e-06, -7.135682347729426e-09, 6.564888318786049e-10]

[0.0, -1.1025519195689977e-12, -2.298339607651146e-13, 6.325526732805805e-11, -2.240954929641256e-10, -1.899392529315642e-15, 7.861124211120586e-16, 1.5890631319040074e-05, -1.4530742974606423e-06, -9.371307879790628e-09, 6.649533387672037e-10]

[0.0, -9.929994678371293e-13, -1.769037494415493e-13, 6.474536916083761e-11, -2.3903386829152077e-10, -1.4628562772216072e-15, 8.523087709289448e-16, 1.6816498165629753e-05, -1.2276674603992867e-06, -6.5943206693463084e-09, 5.307664988761537e-10]

[0.0, -9.1810670958087e-13, -1.811467596413682e-13, 5.537499034172224e-11, -2.383625584674648e-10, -1.5012962098194513e-15, 8.425941026896136e-16, 1.8697143756133615e-05, -1.2936200712741709e-06, -7.057843238658104e-09, 4.971819622441165e-10]

----------------------------
Train and Validation error 
1150311274910.1282 3690842652447.4717
Train and Validation error 
814355533586.3297 557598193756.141
Train and Validation error 
386372695046.43884 1427686430575.0
Train and Validation error 
449600212859.6459 1804911153924.5657
Train and Validation error 
193982168749.3305 484026901621.1126
Train and Validation error 
500353420519.1211 1728346497671.2383
Train and Validation error 
493671725762.09436 1967026326243.2239
Train and Validation error 
168182798563.93872 239479009147.58755
Train and Validation error 
562331854996.7435 2105908031076.368
Train and Validation error 
549196335657.23126 304073263583.3705
After Selection (Parents Selected) 
[0.0, -9.1810670958087e-13, -1.811467596413682e-13, 5.537499034172224e-11, -2.383625584674648e-10, -1.5012962098194513e-15, 8.425941026896136e-16, 1.8697143756133615e-05, -1.2936200712741709e-06, -7.057843238658104e-09, 4.971819622441165e-10]
[0.0, -1.1025519195689977e-12, -2.298339607651146e-13, 6.325526732805805e-11, -2.240954929641256e-10, -1.899392529315642e-15, 7.861124211120586e-16, 1.5890631319040074e-05, -1.4530742974606423e-06, -9.371307879790628e-09, 6.649533387672037e-10]
----------------------------
---After Crossover----
0 [0.0, -9.1810670958087e-13, -1.811467596413682e-13, 5.537499034172224e-11, -2.383625584674648e-10, -1.899392529315642e-15, 7.861124211120586e-16, 1.5890631319040074e-05, -1.4530742974606423e-06, -9.371307879790628e-09, 6.649533387672037e-10]
1 [0.0, -1.1025519195689977e-12, -2.298339607651146e-13, 6.325526732805805e-11, -2.240954929641256e-10, -1.5012962098194513e-15, 8.425941026896136e-16, 1.8697143756133615e-05, -1.2936200712741709e-06, -7.057843238658104e-09, 4.971819622441165e-10]
2 [0.0, -9.1810670958087e-13, -1.811467596413682e-13, 5.537499034172224e-11, -2.383625584674648e-10, -1.899392529315642e-15, 7.861124211120586e-16, 1.5890631319040074e-05, -1.4530742974606423e-06, -9.371307879790628e-09, 6.649533387672037e-10]
3 [0.0, -1.1025519195689977e-12, -2.298339607651146e-13, 6.325526732805805e-11, -2.240954929641256e-10, -1.5012962098194513e-15, 8.425941026896136e-16, 1.8697143756133615e-05, -1.2936200712741709e-06, -7.057843238658104e-09, 4.971819622441165e-10]
4 [0.0, -9.1810670958087e-13, -1.811467596413682e-13, 5.537499034172224e-11, -2.383625584674648e-10, -1.899392529315642e-15, 7.861124211120586e-16, 1.5890631319040074e-05, -1.4530742974606423e-06, -9.371307879790628e-09, 6.649533387672037e-10]
5 [0.0, -1.1025519195689977e-12, -2.298339607651146e-13, 6.325526732805805e-11, -2.240954929641256e-10, -1.5012962098194513e-15, 8.425941026896136e-16, 1.8697143756133615e-05, -1.2936200712741709e-06, -7.057843238658104e-09, 4.971819622441165e-10]
6 [0.0, -9.1810670958087e-13, -1.811467596413682e-13, 5.537499034172224e-11, -2.383625584674648e-10, -1.899392529315642e-15, 7.861124211120586e-16, 1.5890631319040074e-05, -1.4530742974606423e-06, -9.371307879790628e-09, 6.649533387672037e-10]
7 [0.0, -1.1025519195689977e-12, -2.298339607651146e-13, 6.325526732805805e-11, -2.240954929641256e-10, -1.5012962098194513e-15, 8.425941026896136e-16, 1.8697143756133615e-05, -1.2936200712741709e-06, -7.057843238658104e-09, 4.971819622441165e-10]
8 [0.0, -9.1810670958087e-13, -1.811467596413682e-13, 5.537499034172224e-11, -2.383625584674648e-10, -1.899392529315642e-15, 7.861124211120586e-16, 1.5890631319040074e-05, -1.4530742974606423e-06, -9.371307879790628e-09, 6.649533387672037e-10]
9 [0.0, -1.1025519195689977e-12, -2.298339607651146e-13, 6.325526732805805e-11, -2.240954929641256e-10, -1.5012962098194513e-15, 8.425941026896136e-16, 1.8697143756133615e-05, -1.2936200712741709e-06, -7.057843238658104e-09, 4.971819622441165e-10]
----------------------------
----After Mutation--- 
0 [0.0, -9.993647217258168e-13, -1.9891106776296486e-13, 5.5689205650946097e-11, -2.3474575268238427e-10, -1.899392529315642e-15, 8.638002213052281e-16, 1.5248388659534325e-05, -1.397707727183154e-06, -9.772248945712007e-09, 7.036034090283729e-10]
1 [0.0, -1.0959857724644239e-12, -2.1142883732423197e-13, 6.03713023163178e-11, -2.1397617264832378e-10, -1.5012962098194513e-15, 7.858514053266051e-16, 1.823066213008484e-05, -1.3797356825812835e-06, -6.964028569332511e-09, 5.267402858105798e-10]
2 [0.0, -9.1810670958087e-13, -1.7910922473305203e-13, 5.524728081954767e-11, -2.383625584674648e-10, -1.899392529315642e-15, 7.4907289859817e-16, 1.557856887184391e-05, -1.4530742974606423e-06, -8.940010705925852e-09, 6.631485412449802e-10]
3 [0.0, -1.0759622122462565e-12, -2.5165352932576394e-13, 6.303611880241577e-11, -2.0225483984753854e-10, -1.4749280996292447e-15, 8.425941026896136e-16, 1.7435904531679082e-05, -1.3013098635352349e-06, -7.257155540532719e-09, 4.5283113929615816e-10]
4 [0.0, -9.072392552140187e-13, -1.7312293996692487e-13, 5.42644267590277e-11, -2.168602489065416e-10, -1.899392529315642e-15, 8.570781654866943e-16, 1.6677478592037823e-05, -1.4530742974606423e-06, -1.0044813496783556e-08, 6.400866749858871e-10]
5 [0.0, -1.1025519195689977e-12, -2.2928750879751944e-13, 6.750529375825805e-11, -2.361782935623884e-10, -1.6415897057292425e-15, 7.887826319348786e-16, 1.8992112359495576e-05, -1.2697818806537515e-06, -6.92838031014448e-09, 4.716028062849655e-10]
6 [0.0, -9.481073362403624e-13, -1.8571414117649525e-13, 5.035539390516521e-11, -2.383625584674648e-10, -2.026948166168355e-15, 8.636780667475954e-16, 1.5890631319040074e-05, -1.411079069633699e-06, -9.195971145317023e-09, 6.608055616424746e-10]
7 [0.0, -1.0991799063630236e-12, -2.479848267229043e-13, 6.828526280424063e-11, -2.4125806577903903e-10, -1.5012962098194513e-15, 8.425941026896136e-16, 1.8320495203899677e-05, -1.269349871514384e-06, -7.549041947410987e-09, 5.361439420573015e-10]
8 [0.0, -9.1810670958087e-13, -1.8333643472120587e-13, 5.1052694615566885e-11, -2.3074629715838167e-10, -2.0328305763232272e-15, 8.167890490058355e-16, 1.571368115891792e-05, -1.4530742974606423e-06, -9.622612609806102e-09, 6.734148739702631e-10]
9 [0.0, -1.159039919831886e-12, -2.5112635285641477e-13, 6.339901632169023e-11, -2.035625388355653e-10, -1.4471012156702685e-15, 8.066763457898107e-16, 1.8697143756133615e-05, -1.3872718225385127e-06, -7.712627665036956e-09, 4.901680133209627e-10]
----------------------------
Train and Validation error 
907732531355.2439 3070915999855.632
Train and Validation error 
778041120670.1606 469410072450.6398
Train and Validation error 
139447980995.9074 328538213175.55
Train and Validation error 
3768308352858.905 4575839701139.974
Train and Validation error 
878592591234.2351 579621361826.6809
Train and Validation error 
1032975202615.3147 699013096638.8289
Train and Validation error 
193003196944.06003 737202192196.5548
Train and Validation error 
227839065183.96368 863896480825.5333
Train and Validation error 
207518088523.88824 248276902630.60898
Train and Validation error 
3511569766278.3086 4214314118314.345

-------------------NEW GENERATION-------------
[0.0, -9.1810670958087e-13, -1.8333643472120587e-13, 5.1052694615566885e-11, -2.3074629715838167e-10, -2.0328305763232272e-15, 8.167890490058355e-16, 1.571368115891792e-05, -1.4530742974606423e-06, -9.622612609806102e-09, 6.734148739702631e-10]

[0.0, -9.1810670958087e-13, -1.7910922473305203e-13, 5.524728081954767e-11, -2.383625584674648e-10, -1.899392529315642e-15, 7.4907289859817e-16, 1.557856887184391e-05, -1.4530742974606423e-06, -8.940010705925852e-09, 6.631485412449802e-10]

[0.0, -1.1025519195689977e-12, -2.298339607651146e-13, 6.325526732805805e-11, -2.240954929641256e-10, -1.899392529315642e-15, 7.861124211120586e-16, 1.5890631319040074e-05, -1.4530742974606423e-06, -9.371307879790628e-09, 6.649533387672037e-10]

[0.0, -9.1810670958087e-13, -1.811467596413682e-13, 5.537499034172224e-11, -2.383625584674648e-10, -1.5012962098194513e-15, 8.425941026896136e-16, 1.8697143756133615e-05, -1.2936200712741709e-06, -7.057843238658104e-09, 4.971819622441165e-10]

[0.0, -1.0825188621311405e-12, -2.0348937744155524e-13, 5.439533009973853e-11, -2.5667605939465337e-10, -1.5295966441742625e-15, 9.945575983685356e-16, 1.878637662442414e-05, -1.3967214761474463e-06, -6.89796400127112e-09, 5.65655664390442e-10]

[0.0, -9.481073362403624e-13, -1.8571414117649525e-13, 5.035539390516521e-11, -2.383625584674648e-10, -2.026948166168355e-15, 8.636780667475954e-16, 1.5890631319040074e-05, -1.411079069633699e-06, -9.195971145317023e-09, 6.608055616424746e-10]

[0.0, -1.0959857724644239e-12, -2.1142883732423197e-13, 6.03713023163178e-11, -2.1397617264832378e-10, -1.5012962098194513e-15, 7.858514053266051e-16, 1.823066213008484e-05, -1.3797356825812835e-06, -6.964028569332511e-09, 5.267402858105798e-10]

[0.0, -1.0991799063630236e-12, -2.479848267229043e-13, 6.828526280424063e-11, -2.4125806577903903e-10, -1.5012962098194513e-15, 8.425941026896136e-16, 1.8320495203899677e-05, -1.269349871514384e-06, -7.549041947410987e-09, 5.361439420573015e-10]

[0.0, -9.072392552140187e-13, -1.7312293996692487e-13, 5.42644267590277e-11, -2.168602489065416e-10, -1.899392529315642e-15, 8.570781654866943e-16, 1.6677478592037823e-05, -1.4530742974606423e-06, -1.0044813496783556e-08, 6.400866749858871e-10]

[0.0, -1.1025519195689977e-12, -2.2928750879751944e-13, 6.750529375825805e-11, -2.361782935623884e-10, -1.6415897057292425e-15, 7.887826319348786e-16, 1.8992112359495576e-05, -1.2697818806537515e-06, -6.92838031014448e-09, 4.716028062849655e-10]

--------------------GENERATION ENDED-------------


Train and Validation error 
207518088523.88824 248276902630.60898
Train and Validation error 
139447980995.9074 328538213175.55
Train and Validation error 
168182798563.93872 239479009147.58755
Train and Validation error 
549196335657.23126 304073263583.3705
Train and Validation error 
193982168749.3305 484026901621.1126
Train and Validation error 
193003196944.06003 737202192196.5548
Train and Validation error 
778041120670.1606 469410072450.6398
Train and Validation error 
227839065183.96368 863896480825.5333
Train and Validation error 
878592591234.2351 579621361826.6809
Train and Validation error 
1032975202615.3147 699013096638.8289
-------------------NEW GENERATION-------------

[0.0, -9.1810670958087e-13, -1.8333643472120587e-13, 5.1052694615566885e-11, -2.3074629715838167e-10, -2.0328305763232272e-15, 8.167890490058355e-16, 1.571368115891792e-05, -1.4530742974606423e-06, -9.622612609806102e-09, 6.734148739702631e-10]

[0.0, -9.1810670958087e-13, -1.7910922473305203e-13, 5.524728081954767e-11, -2.383625584674648e-10, -1.899392529315642e-15, 7.4907289859817e-16, 1.557856887184391e-05, -1.4530742974606423e-06, -8.940010705925852e-09, 6.631485412449802e-10]

[0.0, -1.1025519195689977e-12, -2.298339607651146e-13, 6.325526732805805e-11, -2.240954929641256e-10, -1.899392529315642e-15, 7.861124211120586e-16, 1.5890631319040074e-05, -1.4530742974606423e-06, -9.371307879790628e-09, 6.649533387672037e-10]

[0.0, -9.1810670958087e-13, -1.811467596413682e-13, 5.537499034172224e-11, -2.383625584674648e-10, -1.5012962098194513e-15, 8.425941026896136e-16, 1.8697143756133615e-05, -1.2936200712741709e-06, -7.057843238658104e-09, 4.971819622441165e-10]

[0.0, -1.0825188621311405e-12, -2.0348937744155524e-13, 5.439533009973853e-11, -2.5667605939465337e-10, -1.5295966441742625e-15, 9.945575983685356e-16, 1.878637662442414e-05, -1.3967214761474463e-06, -6.89796400127112e-09, 5.65655664390442e-10]

[0.0, -9.481073362403624e-13, -1.8571414117649525e-13, 5.035539390516521e-11, -2.383625584674648e-10, -2.026948166168355e-15, 8.636780667475954e-16, 1.5890631319040074e-05, -1.411079069633699e-06, -9.195971145317023e-09, 6.608055616424746e-10]

[0.0, -1.0959857724644239e-12, -2.1142883732423197e-13, 6.03713023163178e-11, -2.1397617264832378e-10, -1.5012962098194513e-15, 7.858514053266051e-16, 1.823066213008484e-05, -1.3797356825812835e-06, -6.964028569332511e-09, 5.267402858105798e-10]

[0.0, -1.0991799063630236e-12, -2.479848267229043e-13, 6.828526280424063e-11, -2.4125806577903903e-10, -1.5012962098194513e-15, 8.425941026896136e-16, 1.8320495203899677e-05, -1.269349871514384e-06, -7.549041947410987e-09, 5.361439420573015e-10]

[0.0, -9.072392552140187e-13, -1.7312293996692487e-13, 5.42644267590277e-11, -2.168602489065416e-10, -1.899392529315642e-15, 8.570781654866943e-16, 1.6677478592037823e-05, -1.4530742974606423e-06, -1.0044813496783556e-08, 6.400866749858871e-10]

[0.0, -1.1025519195689977e-12, -2.2928750879751944e-13, 6.750529375825805e-11, -2.361782935623884e-10, -1.6415897057292425e-15, 7.887826319348786e-16, 1.8992112359495576e-05, -1.2697818806537515e-06, -6.92838031014448e-09, 4.716028062849655e-10]

--------------------GENERATION ENDED-------------

Final Vector submitted
[0.0, -1.1025519195689977e-12, -2.2928750879751944e-13, 6.750529375825805e-11, -2.361782935623884e-10, -1.6415897057292425e-15, 7.887826319348786e-16, 1.8992112359495576e-05, -1.2697818806537515e-06, -6.92838031014448e-09, 4.716028062849655e-10]

