Genetation iteration  0
--- Initial Population ----
[0.0, -1.1972414993746475e-12, -2.406881067777487e-13, 7.649196433583433e-11, -2.3918982867837016e-10, -1.7246909729539205e-15, 7.911359737375438e-16, 1.8102734393643636e-05, -1.1574908230378795e-06, -6.57609392635641e-09, 4.756957975705682e-10]

[0.0, -1.035253796035754e-12, -2.631661639506733e-13, 6.246202803747581e-11, -2.1087343071763726e-10, -1.6415897057292425e-15, 6.749951533371433e-16, 1.718066786370074e-05, -1.0782104898850587e-06, -7.698121826771682e-09, 4.984275020343377e-10]

[0.0, -1.079535153452445e-12, -2.104688073163699e-13, 6.43872047842357e-11, -2.0661451579880152e-10, -1.4872224263480214e-15, 8.364617410025721e-16, 2.064932775606508e-05, -1.263889516424591e-06, -6.331237359994088e-09, 4.663834520481827e-10]

[0.0, -1.1494662430988356e-12, -2.460366380668869e-13, 6.732305055269349e-11, -2.5340265233474384e-10, -1.5113997957441673e-15, 7.495296953394484e-16, 1.9799812091681453e-05, -1.240341359109723e-06, -7.589158883705078e-09, 4.770217759616848e-10]

[0.0, -1.1185891737397886e-12, -1.9023767006816107e-13, 7.45297686040849e-11, -2.2900325370036764e-10, -1.4963768835060176e-15, 8.558336676986174e-16, 1.675053589486192e-05, -1.3147007334887472e-06, -6.757993918753393e-09, 5.382902440900408e-10]

[0.0, -1.1025519195689977e-12, -2.4504408222061947e-13, 6.78827473380817e-11, -2.016001331445184e-10, -1.6507094145442349e-15, 8.000661913087781e-16, 1.9566517264507644e-05, -1.2277010983301869e-06, -7.0061282304269715e-09, 4.64403339476424e-10]

[0.0, -9.72298200226506e-13, -2.297432902874333e-13, 6.968909389192914e-11, -2.452119177094115e-10, -1.5595656807018448e-15, 8.40885234824761e-16, 2.134849145907601e-05, -1.2316591907706678e-06, -8.039463733982572e-09, 5.337934756779415e-10]

[0.0, -1.1930427372516256e-12, -2.5024812639536645e-13, 6.611922529986758e-11, -2.618504123025813e-10, -1.5085320303821504e-15, 7.798944938218362e-16, 1.809244002110788e-05, -1.0860456312622421e-06, -6.40849185707947e-09, 4.916443006359673e-10]

[0.0, -1.1259171483361592e-12, -2.670026764079384e-13, 6.59708452048971e-11, -2.352745319478894e-10, -1.5551800193584466e-15, 8.062920898794651e-16, 1.8452902380952305e-05, -1.4155797196716555e-06, -7.171211295197036e-09, 4.734957470231667e-10]

[0.0, -1.1351385833461303e-12, -2.5030128630506676e-13, 6.750529375825805e-11, -2.4942114125512086e-10, -1.757404440098518e-15, 9.373632298181026e-16, 1.820986020230218e-05, -1.2844689608127254e-06, -7.172722877898097e-09, 4.527373956123947e-10]

----------------------------
Train and Validation error 
341785330359.04724 1128488655568.1313
896963106671.6461 3076197124245.5024
410347000630.6763 355990805216.34015
564499821147.1814 349161156128.43225
173349668368.95374 309144743883.5054
637701280495.9854 404824118592.58185
905013357730.7305 3127384481215.3047
2112583892625.2969 6329342280220.457
5532182018519.389 7212055623334.912
3225655805171.7935 3480516137681.528
After Selection (Parents Selected) 
[0.0, -1.079535153452445e-12, -2.104688073163699e-13, 6.43872047842357e-11, -2.0661451579880152e-10, -1.4872224263480214e-15, 8.364617410025721e-16, 2.064932775606508e-05, -1.263889516424591e-06, -6.331237359994088e-09, 4.663834520481827e-10]
[0.0, -1.1185891737397886e-12, -1.9023767006816107e-13, 7.45297686040849e-11, -2.2900325370036764e-10, -1.4963768835060176e-15, 8.558336676986174e-16, 1.675053589486192e-05, -1.3147007334887472e-06, -6.757993918753393e-09, 5.382902440900408e-10]
----------------------------
---After Crossover----
0 [0.0, -1.079535153452445e-12, -2.104688073163699e-13, 6.43872047842357e-11, -2.0661451579880152e-10, -1.4963768835060176e-15, 8.558336676986174e-16, 1.675053589486192e-05, -1.3147007334887472e-06, -6.757993918753393e-09, 5.382902440900408e-10]
1 [0.0, -1.1185891737397886e-12, -1.9023767006816107e-13, 7.45297686040849e-11, -2.2900325370036764e-10, -1.4872224263480214e-15, 8.364617410025721e-16, 2.064932775606508e-05, -1.263889516424591e-06, -6.331237359994088e-09, 4.663834520481827e-10]
2 [0.0, -1.079535153452445e-12, -2.104688073163699e-13, 6.43872047842357e-11, -2.0661451579880152e-10, -1.4963768835060176e-15, 8.558336676986174e-16, 1.675053589486192e-05, -1.3147007334887472e-06, -6.757993918753393e-09, 5.382902440900408e-10]
3 [0.0, -1.1185891737397886e-12, -1.9023767006816107e-13, 7.45297686040849e-11, -2.2900325370036764e-10, -1.4872224263480214e-15, 8.364617410025721e-16, 2.064932775606508e-05, -1.263889516424591e-06, -6.331237359994088e-09, 4.663834520481827e-10]
4 [0.0, -1.079535153452445e-12, -2.104688073163699e-13, 6.43872047842357e-11, -2.0661451579880152e-10, -1.4963768835060176e-15, 8.558336676986174e-16, 1.675053589486192e-05, -1.3147007334887472e-06, -6.757993918753393e-09, 5.382902440900408e-10]
5 [0.0, -1.1185891737397886e-12, -1.9023767006816107e-13, 7.45297686040849e-11, -2.2900325370036764e-10, -1.4872224263480214e-15, 8.364617410025721e-16, 2.064932775606508e-05, -1.263889516424591e-06, -6.331237359994088e-09, 4.663834520481827e-10]
6 [0.0, -1.079535153452445e-12, -2.104688073163699e-13, 6.43872047842357e-11, -2.0661451579880152e-10, -1.4963768835060176e-15, 8.558336676986174e-16, 1.675053589486192e-05, -1.3147007334887472e-06, -6.757993918753393e-09, 5.382902440900408e-10]
7 [0.0, -1.1185891737397886e-12, -1.9023767006816107e-13, 7.45297686040849e-11, -2.2900325370036764e-10, -1.4872224263480214e-15, 8.364617410025721e-16, 2.064932775606508e-05, -1.263889516424591e-06, -6.331237359994088e-09, 4.663834520481827e-10]
8 [0.0, -1.079535153452445e-12, -2.104688073163699e-13, 6.43872047842357e-11, -2.0661451579880152e-10, -1.4963768835060176e-15, 8.558336676986174e-16, 1.675053589486192e-05, -1.3147007334887472e-06, -6.757993918753393e-09, 5.382902440900408e-10]
9 [0.0, -1.1185891737397886e-12, -1.9023767006816107e-13, 7.45297686040849e-11, -2.2900325370036764e-10, -1.4872224263480214e-15, 8.364617410025721e-16, 2.064932775606508e-05, -1.263889516424591e-06, -6.331237359994088e-09, 4.663834520481827e-10]
----------------------------
----After Mutation--- 
0 [0.0, -1.079535153452445e-12, -2.2130485941154686e-13, 6.797565083842135e-11, -2.2002842143839376e-10, -1.4324039744627818e-15, 8.694377716202353e-16, 1.675053589486192e-05, -1.1922864671150518e-06, -6.3559390051013274e-09, 5.356091083244155e-10]
1 [0.0, -1.1051196680035503e-12, -1.8268398500226053e-13, 7.45297686040849e-11, -2.0728401622370272e-10, -1.4872224263480214e-15, 8.383223134936998e-16, 2.2613580933531015e-05, -1.1616043048228584e-06, -5.963647186150295e-09, 4.240046501902943e-10]
2 [0.0, -1.1547889474539964e-12, -2.104688073163699e-13, 6.336935874322554e-11, -2.100857733631658e-10, -1.4813419250551563e-15, 7.824393259623942e-16, 1.834303160248049e-05, -1.3147007334887472e-06, -6.198872165965791e-09, 5.017195197519232e-10]
3 [0.0, -1.2288331476316485e-12, -1.9023767006816107e-13, 7.140336174388965e-11, -2.3824562043065945e-10, -1.4165602818133668e-15, 8.268912672703639e-16, 2.064932775606508e-05, -1.263889516424591e-06, -6.0665396489946285e-09, 4.3619633266426437e-10]
4 [0.0, -9.732631915278377e-13, -1.9268523458297063e-13, 6.43872047842357e-11, -1.9770478848078852e-10, -1.3628622155180071e-15, 8.914497572530837e-16, 1.7249587891467777e-05, -1.2996202208266248e-06, -6.394992200687335e-09, 5.382902440900408e-10]
5 [0.0, -1.1904130902486916e-12, -1.9023767006816107e-13, 8.054412655382535e-11, -2.2330682190800138e-10, -1.3991652979218298e-15, 8.364617410025721e-16, 2.064932775606508e-05, -1.2040790538057312e-06, -6.2683733178558865e-09, 4.901407034966781e-10]
6 [0.0, -1.079535153452445e-12, -2.022338853802752e-13, 6.202002501045991e-11, -1.9359938672722494e-10, -1.4054083158024557e-15, 8.558336676986174e-16, 1.5207901198331794e-05, -1.2822165965716564e-06, -6.757993918753393e-09, 5.696383985645926e-10]
7 [0.0, -1.1185891737397886e-12, -1.890653708032284e-13, 7.45297686040849e-11, -2.0676982648647442e-10, -1.4784176947401568e-15, 8.364617410025721e-16, 1.9010462255803076e-05, -1.263889516424591e-06, -5.890886098883041e-09, 5.080321414886827e-10]
8 [0.0, -1.0797722014377074e-12, -1.9463547796035373e-13, 6.278541066085177e-11, -1.8721715835885646e-10, -1.4878170642546431e-15, 8.690507508641206e-16, 1.6094616751788894e-05, -1.3767083939267616e-06, -6.220332125633963e-09, 5.174947693639254e-10]
9 [0.0, -1.1730789065124348e-12, -2.0274698475522815e-13, 7.55046924750878e-11, -2.442551828005791e-10, -1.4785285634079156e-15, 8.364617410025721e-16, 2.0634252946937673e-05, -1.2470437646482502e-06, -6.853554344589177e-09, 4.3772473516571867e-10]
----------------------------
Train and Validation error 
1504223705446.3103 4666841695593.663
537733480461.8239 1442906581726.3145
352196859212.0329 225012210684.96832
943155925435.5986 570513807783.6582
279637376221.51117 1116964131119.5686
1013256007506.2953 3290221295979.412
504756462715.013 1916581505928.789
514962550523.26306 1816263155453.548
1153134580522.4578 917144676117.5348
1249966077299.6704 917876634329.1895

-------------------NEW GENERATION-------------
[0.0, -1.1185891737397886e-12, -1.9023767006816107e-13, 7.45297686040849e-11, -2.2900325370036764e-10, -1.4963768835060176e-15, 8.558336676986174e-16, 1.675053589486192e-05, -1.3147007334887472e-06, -6.757993918753393e-09, 5.382902440900408e-10]

[0.0, -1.079535153452445e-12, -2.104688073163699e-13, 6.43872047842357e-11, -2.0661451579880152e-10, -1.4872224263480214e-15, 8.364617410025721e-16, 2.064932775606508e-05, -1.263889516424591e-06, -6.331237359994088e-09, 4.663834520481827e-10]

[0.0, -1.1494662430988356e-12, -2.460366380668869e-13, 6.732305055269349e-11, -2.5340265233474384e-10, -1.5113997957441673e-15, 7.495296953394484e-16, 1.9799812091681453e-05, -1.240341359109723e-06, -7.589158883705078e-09, 4.770217759616848e-10]

[0.0, -1.1547889474539964e-12, -2.104688073163699e-13, 6.336935874322554e-11, -2.100857733631658e-10, -1.4813419250551563e-15, 7.824393259623942e-16, 1.834303160248049e-05, -1.3147007334887472e-06, -6.198872165965791e-09, 5.017195197519232e-10]

[0.0, -1.1025519195689977e-12, -2.4504408222061947e-13, 6.78827473380817e-11, -2.016001331445184e-10, -1.6507094145442349e-15, 8.000661913087781e-16, 1.9566517264507644e-05, -1.2277010983301869e-06, -7.0061282304269715e-09, 4.64403339476424e-10]

[0.0, -1.1972414993746475e-12, -2.406881067777487e-13, 7.649196433583433e-11, -2.3918982867837016e-10, -1.7246909729539205e-15, 7.911359737375438e-16, 1.8102734393643636e-05, -1.1574908230378795e-06, -6.57609392635641e-09, 4.756957975705682e-10]

[0.0, -1.2288331476316485e-12, -1.9023767006816107e-13, 7.140336174388965e-11, -2.3824562043065945e-10, -1.4165602818133668e-15, 8.268912672703639e-16, 2.064932775606508e-05, -1.263889516424591e-06, -6.0665396489946285e-09, 4.3619633266426437e-10]

[0.0, -9.732631915278377e-13, -1.9268523458297063e-13, 6.43872047842357e-11, -1.9770478848078852e-10, -1.3628622155180071e-15, 8.914497572530837e-16, 1.7249587891467777e-05, -1.2996202208266248e-06, -6.394992200687335e-09, 5.382902440900408e-10]

[0.0, -1.0797722014377074e-12, -1.9463547796035373e-13, 6.278541066085177e-11, -1.8721715835885646e-10, -1.4878170642546431e-15, 8.690507508641206e-16, 1.6094616751788894e-05, -1.3767083939267616e-06, -6.220332125633963e-09, 5.174947693639254e-10]

[0.0, -1.1730789065124348e-12, -2.0274698475522815e-13, 7.55046924750878e-11, -2.442551828005791e-10, -1.4785285634079156e-15, 8.364617410025721e-16, 2.0634252946937673e-05, -1.2470437646482502e-06, -6.853554344589177e-09, 4.3772473516571867e-10]

--------------------GENERATION ENDED-------------


Genetation iteration  1
--- Initial Population ----
[0.0, -1.1469285701828069e-12, -1.7215210710532604e-13, 7.45297686040849e-11, -2.2745359599912043e-10, -1.4873915825082245e-15, 8.581813706869903e-16, 1.5202877073104481e-05, -1.1988088572875665e-06, -6.757993918753393e-09, 5.505717178252742e-10]

[0.0, -1.079535153452445e-12, -2.078743660823062e-13, 5.919596719910297e-11, -2.163856637859474e-10, -1.5711640113683867e-15, 8.792694982889512e-16, 2.064932775606508e-05, -1.263889516424591e-06, -6.331237359994088e-09, 4.439310071461522e-10]

[0.0, -1.1494662430988356e-12, -2.505978772268713e-13, 6.360077459179161e-11, -2.439755314152263e-10, -1.5113997957441673e-15, 7.495296953394484e-16, 1.8043722415625692e-05, -1.240341359109723e-06, -7.401192136005241e-09, 5.149901482956164e-10]

[0.0, -1.2312539487401535e-12, -1.9347018328121458e-13, 6.112610583797424e-11, -2.100857733631658e-10, -1.4872355501644878e-15, 7.824393259623942e-16, 1.8226635686066958e-05, -1.2761107110615816e-06, -5.646029278939431e-09, 5.06603036852065e-10]

[0.0, -1.086686859160664e-12, -2.3537456382141234e-13, 6.975974757622723e-11, -2.107151357159645e-10, -1.6347808921161718e-15, 7.613199254652827e-16, 2.1347358797044756e-05, -1.3220039529089216e-06, -7.649421026901291e-09, 4.927792862821991e-10]

[0.0, -1.1337087008066112e-12, -2.422699621836107e-13, 7.29771284521478e-11, -2.424054586432543e-10, -1.7373919692672812e-15, 8.01766462974277e-16, 1.8440481732159e-05, -1.1241692930739975e-06, -6.006201618838176e-09, 4.679392040097709e-10]

[0.0, -1.2415425790123424e-12, -1.8155241789767618e-13, 6.761732849105636e-11, -2.51834109921178e-10, -1.4165602818133668e-15, 8.931742514182361e-16, 2.104807674356895e-05, -1.263889516424591e-06, -6.648118030056081e-09, 4.1234985852983957e-10]

[0.0, -9.941503212615745e-13, -1.9263287025145797e-13, 6.43872047842357e-11, -2.0867494044699705e-10, -1.3883372835487258e-15, 8.746669749581988e-16, 1.7249587891467777e-05, -1.428578426607234e-06, -6.976791830346058e-09, 4.980510385900694e-10]

[0.0, -1.0797722014377074e-12, -1.9463547796035373e-13, 6.776489658969167e-11, -1.819613377270892e-10, -1.4971434184613162e-15, 8.449178719327519e-16, 1.6094616751788894e-05, -1.3767083939267616e-06, -5.9084529721394936e-09, 5.139753259754997e-10]

[0.0, -1.2794998216447778e-12, -1.9399785781365432e-13, 6.810356431382087e-11, -2.442551828005791e-10, -1.6166062639071623e-15, 8.804097742037109e-16, 1.9083153826189373e-05, -1.1455278078528839e-06, -6.370931882541944e-09, 4.522990070171836e-10]

----------------------------
Train and Validation error 
1019313479558.0554 3374375004453.4033
1011363618718.6207 630150328196.4032
204916058500.89215 559668019707.6439
349174316709.5839 1220460745114.1172
902327165763.8138 542993404902.80383
728445765004.3198 2630173747008.8057
2474715484527.6177 2434653544925.77
3933362719654.6304 4976495945549.549
1057984396424.9758 786143801325.742
342154512676.5017 995487288137.2211
After Selection (Parents Selected) 
[0.0, -1.086686859160664e-12, -2.3537456382141234e-13, 6.975974757622723e-11, -2.107151357159645e-10, -1.6347808921161718e-15, 7.613199254652827e-16, 2.1347358797044756e-05, -1.3220039529089216e-06, -7.649421026901291e-09, 4.927792862821991e-10]
[0.0, -1.1494662430988356e-12, -2.505978772268713e-13, 6.360077459179161e-11, -2.439755314152263e-10, -1.5113997957441673e-15, 7.495296953394484e-16, 1.8043722415625692e-05, -1.240341359109723e-06, -7.401192136005241e-09, 5.149901482956164e-10]
----------------------------
---After Crossover----
0 [0.0, -1.086686859160664e-12, -2.3537456382141234e-13, 6.975974757622723e-11, -2.107151357159645e-10, -1.5113997957441673e-15, 7.495296953394484e-16, 1.8043722415625692e-05, -1.240341359109723e-06, -7.401192136005241e-09, 5.149901482956164e-10]
1 [0.0, -1.1494662430988356e-12, -2.505978772268713e-13, 6.360077459179161e-11, -2.439755314152263e-10, -1.6347808921161718e-15, 7.613199254652827e-16, 2.1347358797044756e-05, -1.3220039529089216e-06, -7.649421026901291e-09, 4.927792862821991e-10]
2 [0.0, -1.086686859160664e-12, -2.3537456382141234e-13, 6.975974757622723e-11, -2.107151357159645e-10, -1.5113997957441673e-15, 7.495296953394484e-16, 1.8043722415625692e-05, -1.240341359109723e-06, -7.401192136005241e-09, 5.149901482956164e-10]
3 [0.0, -1.1494662430988356e-12, -2.505978772268713e-13, 6.360077459179161e-11, -2.439755314152263e-10, -1.6347808921161718e-15, 7.613199254652827e-16, 2.1347358797044756e-05, -1.3220039529089216e-06, -7.649421026901291e-09, 4.927792862821991e-10]
4 [0.0, -1.086686859160664e-12, -2.3537456382141234e-13, 6.975974757622723e-11, -2.107151357159645e-10, -1.5113997957441673e-15, 7.495296953394484e-16, 1.8043722415625692e-05, -1.240341359109723e-06, -7.401192136005241e-09, 5.149901482956164e-10]
5 [0.0, -1.1494662430988356e-12, -2.505978772268713e-13, 6.360077459179161e-11, -2.439755314152263e-10, -1.6347808921161718e-15, 7.613199254652827e-16, 2.1347358797044756e-05, -1.3220039529089216e-06, -7.649421026901291e-09, 4.927792862821991e-10]
6 [0.0, -1.086686859160664e-12, -2.3537456382141234e-13, 6.975974757622723e-11, -2.107151357159645e-10, -1.5113997957441673e-15, 7.495296953394484e-16, 1.8043722415625692e-05, -1.240341359109723e-06, -7.401192136005241e-09, 5.149901482956164e-10]
7 [0.0, -1.1494662430988356e-12, -2.505978772268713e-13, 6.360077459179161e-11, -2.439755314152263e-10, -1.6347808921161718e-15, 7.613199254652827e-16, 2.1347358797044756e-05, -1.3220039529089216e-06, -7.649421026901291e-09, 4.927792862821991e-10]
8 [0.0, -1.086686859160664e-12, -2.3537456382141234e-13, 6.975974757622723e-11, -2.107151357159645e-10, -1.5113997957441673e-15, 7.495296953394484e-16, 1.8043722415625692e-05, -1.240341359109723e-06, -7.401192136005241e-09, 5.149901482956164e-10]
9 [0.0, -1.1494662430988356e-12, -2.505978772268713e-13, 6.360077459179161e-11, -2.439755314152263e-10, -1.6347808921161718e-15, 7.613199254652827e-16, 2.1347358797044756e-05, -1.3220039529089216e-06, -7.649421026901291e-09, 4.927792862821991e-10]
----------------------------
----After Mutation--- 
0 [0.0, -1.122786960888209e-12, -2.486604108699062e-13, 7.240532675756741e-11, -2.086433661311917e-10, -1.3789109426449851e-15, 7.495296953394484e-16, 1.927491099307306e-05, -1.2673836470386736e-06, -7.925333075621078e-09, 5.643097109892329e-10]
1 [0.0, -1.0592162339024734e-12, -2.549326619459891e-13, 6.064966712030296e-11, -2.634886339090457e-10, -1.6347808921161718e-15, 7.326820952319715e-16, 2.2691572023635446e-05, -1.3220039529089216e-06, -7.174047626070847e-09, 4.927792862821991e-10]
2 [0.0, -1.086686859160664e-12, -2.241919959829822e-13, 6.524605540634632e-11, -2.2759192314440598e-10, -1.6352534294833473e-15, 7.594763622873252e-16, 1.7554132924238075e-05, -1.2004692971480998e-06, -6.961217194379991e-09, 5.215711314510807e-10]
3 [0.0, -1.1634925091352697e-12, -2.4556979993571535e-13, 6.360077459179161e-11, -2.452823409963677e-10, -1.6584632261982193e-15, 7.406797006464158e-16, 1.9896280417485077e-05, -1.213899571507717e-06, -7.649421026901291e-09, 4.635521650470679e-10]
4 [0.0, -1.122851393794114e-12, -2.2328940270486428e-13, 6.975974757622723e-11, -2.1813915314051674e-10, -1.527850639501381e-15, 8.024085849465966e-16, 1.8874472301760855e-05, -1.240341359109723e-06, -7.81560928979047e-09, 5.213336402107297e-10]
5 [0.0, -1.1140347731712305e-12, -2.6890969728267497e-13, 6.031250861459204e-11, -2.2230843429707067e-10, -1.784425851856747e-15, 7.860008987442164e-16, 2.1347358797044756e-05, -1.3220039529089216e-06, -7.3017381324454166e-09, 5.005214540189527e-10]
6 [0.0, -1.086686859160664e-12, -2.1739838435382605e-13, 6.362503372094426e-11, -2.1783281648764384e-10, -1.5113997957441673e-15, 8.097343263462739e-16, 1.7658918563164984e-05, -1.240341359109723e-06, -7.965826618503262e-09, 4.640109283332568e-10]
7 [0.0, -1.1746792934092583e-12, -2.4253614400645233e-13, 5.791053293618332e-11, -2.439755314152263e-10, -1.6035666798026697e-15, 7.647002057913965e-16, 1.9766098779338523e-05, -1.2995349467159223e-06, -7.649421026901291e-09, 5.279040947978224e-10]
8 [0.0, -1.0406278099761568e-12, -2.5543708908103114e-13, 7.451319729238309e-11, -2.122358080964194e-10, -1.6324233443940322e-15, 7.495296953394484e-16, 1.8208675408957474e-05, -1.1849256048693095e-06, -7.401192136005241e-09, 4.963010947672338e-10]
9 [0.0, -1.0859243366893135e-12, -2.3690775351859854e-13, 6.415951877065274e-11, -2.515964701996149e-10, -1.6347808921161718e-15, 7.329801090549721e-16, 2.0325219975659615e-05, -1.3614175441851454e-06, -7.1059921171247935e-09, 5.145410778827663e-10]
----------------------------
Train and Validation error 
964374197459.9099 3219337508409.8047
492785085273.05743 385172473743.37897
538281122968.171 2053941681186.1548
782002378513.3018 509354005072.2668
228260918820.33765 755849877249.3158
641629796450.9956 377818393358.80164
2131419702125.2004 2166240866902.3906
246013576866.617 461875522189.2541
266215324414.88458 804402320198.387
658931724171.4143 338626485828.756

-------------------NEW GENERATION-------------
[0.0, -1.1494662430988356e-12, -2.505978772268713e-13, 6.360077459179161e-11, -2.439755314152263e-10, -1.5113997957441673e-15, 7.495296953394484e-16, 1.8043722415625692e-05, -1.240341359109723e-06, -7.401192136005241e-09, 5.149901482956164e-10]

[0.0, -1.1746792934092583e-12, -2.4253614400645233e-13, 5.791053293618332e-11, -2.439755314152263e-10, -1.6035666798026697e-15, 7.647002057913965e-16, 1.9766098779338523e-05, -1.2995349467159223e-06, -7.649421026901291e-09, 5.279040947978224e-10]

[0.0, -1.086686859160664e-12, -2.3537456382141234e-13, 6.975974757622723e-11, -2.107151357159645e-10, -1.6347808921161718e-15, 7.613199254652827e-16, 2.1347358797044756e-05, -1.3220039529089216e-06, -7.649421026901291e-09, 4.927792862821991e-10]

[0.0, -1.0592162339024734e-12, -2.549326619459891e-13, 6.064966712030296e-11, -2.634886339090457e-10, -1.6347808921161718e-15, 7.326820952319715e-16, 2.2691572023635446e-05, -1.3220039529089216e-06, -7.174047626070847e-09, 4.927792862821991e-10]

[0.0, -1.0859243366893135e-12, -2.3690775351859854e-13, 6.415951877065274e-11, -2.515964701996149e-10, -1.6347808921161718e-15, 7.329801090549721e-16, 2.0325219975659615e-05, -1.3614175441851454e-06, -7.1059921171247935e-09, 5.145410778827663e-10]

[0.0, -1.079535153452445e-12, -2.078743660823062e-13, 5.919596719910297e-11, -2.163856637859474e-10, -1.5711640113683867e-15, 8.792694982889512e-16, 2.064932775606508e-05, -1.263889516424591e-06, -6.331237359994088e-09, 4.439310071461522e-10]

[0.0, -1.1140347731712305e-12, -2.6890969728267497e-13, 6.031250861459204e-11, -2.2230843429707067e-10, -1.784425851856747e-15, 7.860008987442164e-16, 2.1347358797044756e-05, -1.3220039529089216e-06, -7.3017381324454166e-09, 5.005214540189527e-10]

[0.0, -1.2794998216447778e-12, -1.9399785781365432e-13, 6.810356431382087e-11, -2.442551828005791e-10, -1.6166062639071623e-15, 8.804097742037109e-16, 1.9083153826189373e-05, -1.1455278078528839e-06, -6.370931882541944e-09, 4.522990070171836e-10]

[0.0, -1.0797722014377074e-12, -1.9463547796035373e-13, 6.776489658969167e-11, -1.819613377270892e-10, -1.4971434184613162e-15, 8.449178719327519e-16, 1.6094616751788894e-05, -1.3767083939267616e-06, -5.9084529721394936e-09, 5.139753259754997e-10]

[0.0, -1.2312539487401535e-12, -1.9347018328121458e-13, 6.112610583797424e-11, -2.100857733631658e-10, -1.4872355501644878e-15, 7.824393259623942e-16, 1.8226635686066958e-05, -1.2761107110615816e-06, -5.646029278939431e-09, 5.06603036852065e-10]

--------------------GENERATION ENDED-------------


Genetation iteration  2
--- Initial Population ----
[0.0, -1.1494662430988356e-12, -2.263729437622432e-13, 6.360077459179161e-11, -2.5803247009994175e-10, -1.6596351409861733e-15, 7.00338294720994e-16, 1.788221781602218e-05, -1.3185443830340822e-06, -6.672856371345904e-09, 4.965628859488993e-10]

[0.0, -1.1746792934092583e-12, -2.4769625497662684e-13, 5.943524103805658e-11, -2.4557163443427397e-10, -1.6035666798026697e-15, 7.224039814172953e-16, 2.0387857453283018e-05, -1.3146351589380523e-06, -7.964942031260605e-09, 5.279040947978224e-10]

[0.0, -1.0806023244330812e-12, -2.434060080708609e-13, 7.396712709918929e-11, -2.107151357159645e-10, -1.7133931007134869e-15, 6.905709086967505e-16, 1.9740055825059504e-05, -1.210982940204502e-06, -8.31211311051046e-09, 5.328128099357357e-10]

[0.0, -1.0592162339024734e-12, -2.3785003932760514e-13, 5.61761987604961e-11, -2.8891764566730374e-10, -1.6347808921161718e-15, 6.778973690063764e-16, 2.4892574293961868e-05, -1.3387079834252114e-06, -7.49063699627434e-09, 5.120756471527596e-10]

[0.0, -1.0859243366893135e-12, -2.4693398747027993e-13, 6.415951877065274e-11, -2.4860908401059995e-10, -1.7003625265520764e-15, 7.329801090549721e-16, 2.0325219975659615e-05, -1.3614175441851454e-06, -7.267575381233706e-09, 5.594489497632056e-10]

[0.0, -9.887904692637233e-13, -1.9545859195350447e-13, 6.43624411619023e-11, -2.032802269179343e-10, -1.4745087711422343e-15, 8.247550529582374e-16, 2.064932775606508e-05, -1.2053190548312718e-06, -6.060758993686622e-09, 4.255384003868494e-10]

[0.0, -1.0410220138476847e-12, -2.6890969728267497e-13, 5.7779246909371996e-11, -2.2240957418394014e-10, -1.908338441283763e-15, 7.105490742795518e-16, 1.9465180414061854e-05, -1.324534512025845e-06, -7.3017381324454166e-09, 4.669829671583271e-10]

[0.0, -1.2318173532512166e-12, -1.9399785781365432e-13, 7.020662688973996e-11, -2.572550891473128e-10, -1.7046786793170107e-15, 8.388227629196302e-16, 1.9083153826189373e-05, -1.1404717808098031e-06, -6.792243544733407e-09, 4.522990070171836e-10]

[0.0, -1.0504343905840445e-12, -1.9463547796035373e-13, 6.238095085502305e-11, -1.8656789277961608e-10, -1.6003359609270392e-15, 8.578971463332912e-16, 1.6249990466967808e-05, -1.4408933772626146e-06, -5.9084529721394936e-09, 5.203709442551892e-10]

[0.0, -1.245491393061885e-12, -2.066213594419536e-13, 6.143779291779051e-11, -2.1388131371905996e-10, -1.4318969744665095e-15, 7.824393259623942e-16, 1.8288421087103142e-05, -1.2676526372685014e-06, -5.78023274778072e-09, 5.473631139605111e-10]

----------------------------
Train and Validation error 
1012431688726.0417 679549953038.9058
305934292400.2783 319151306083.1532
487993374704.58215 1868750606638.114
515721115189.153 1215723148972.2808
319995253444.0902 1085573001744.3658
615587142545.3849 397666065484.543
3171667840981.329 3243832142201.545
347287597517.78107 717900104491.4124
2189548757014.9692 2204609573332.3936
1769939486261.4207 5296376486513.26
After Selection (Parents Selected) 
[0.0, -9.887904692637233e-13, -1.9545859195350447e-13, 6.43624411619023e-11, -2.032802269179343e-10, -1.4745087711422343e-15, 8.247550529582374e-16, 2.064932775606508e-05, -1.2053190548312718e-06, -6.060758993686622e-09, 4.255384003868494e-10]
[0.0, -1.1746792934092583e-12, -2.4769625497662684e-13, 5.943524103805658e-11, -2.4557163443427397e-10, -1.6035666798026697e-15, 7.224039814172953e-16, 2.0387857453283018e-05, -1.3146351589380523e-06, -7.964942031260605e-09, 5.279040947978224e-10]
----------------------------
---After Crossover----
0 [0.0, -9.887904692637233e-13, -1.9545859195350447e-13, 6.43624411619023e-11, -2.032802269179343e-10, -1.6035666798026697e-15, 7.224039814172953e-16, 2.0387857453283018e-05, -1.3146351589380523e-06, -7.964942031260605e-09, 5.279040947978224e-10]
1 [0.0, -1.1746792934092583e-12, -2.4769625497662684e-13, 5.943524103805658e-11, -2.4557163443427397e-10, -1.4745087711422343e-15, 8.247550529582374e-16, 2.064932775606508e-05, -1.2053190548312718e-06, -6.060758993686622e-09, 4.255384003868494e-10]
2 [0.0, -9.887904692637233e-13, -1.9545859195350447e-13, 6.43624411619023e-11, -2.032802269179343e-10, -1.6035666798026697e-15, 7.224039814172953e-16, 2.0387857453283018e-05, -1.3146351589380523e-06, -7.964942031260605e-09, 5.279040947978224e-10]
3 [0.0, -1.1746792934092583e-12, -2.4769625497662684e-13, 5.943524103805658e-11, -2.4557163443427397e-10, -1.4745087711422343e-15, 8.247550529582374e-16, 2.064932775606508e-05, -1.2053190548312718e-06, -6.060758993686622e-09, 4.255384003868494e-10]
4 [0.0, -9.887904692637233e-13, -1.9545859195350447e-13, 6.43624411619023e-11, -2.032802269179343e-10, -1.6035666798026697e-15, 7.224039814172953e-16, 2.0387857453283018e-05, -1.3146351589380523e-06, -7.964942031260605e-09, 5.279040947978224e-10]
5 [0.0, -1.1746792934092583e-12, -2.4769625497662684e-13, 5.943524103805658e-11, -2.4557163443427397e-10, -1.4745087711422343e-15, 8.247550529582374e-16, 2.064932775606508e-05, -1.2053190548312718e-06, -6.060758993686622e-09, 4.255384003868494e-10]
6 [0.0, -9.887904692637233e-13, -1.9545859195350447e-13, 6.43624411619023e-11, -2.032802269179343e-10, -1.6035666798026697e-15, 7.224039814172953e-16, 2.0387857453283018e-05, -1.3146351589380523e-06, -7.964942031260605e-09, 5.279040947978224e-10]
7 [0.0, -1.1746792934092583e-12, -2.4769625497662684e-13, 5.943524103805658e-11, -2.4557163443427397e-10, -1.4745087711422343e-15, 8.247550529582374e-16, 2.064932775606508e-05, -1.2053190548312718e-06, -6.060758993686622e-09, 4.255384003868494e-10]
8 [0.0, -9.887904692637233e-13, -1.9545859195350447e-13, 6.43624411619023e-11, -2.032802269179343e-10, -1.6035666798026697e-15, 7.224039814172953e-16, 2.0387857453283018e-05, -1.3146351589380523e-06, -7.964942031260605e-09, 5.279040947978224e-10]
9 [0.0, -1.1746792934092583e-12, -2.4769625497662684e-13, 5.943524103805658e-11, -2.4557163443427397e-10, -1.4745087711422343e-15, 8.247550529582374e-16, 2.064932775606508e-05, -1.2053190548312718e-06, -6.060758993686622e-09, 4.255384003868494e-10]
----------------------------
----After Mutation--- 
0 [0.0, -1.0055027924753208e-12, -1.9586905247266753e-13, 6.020476190745503e-11, -2.0015648675430945e-10, -1.6035666798026697e-15, 7.224039814172953e-16, 2.088339075019829e-05, -1.3429803348750737e-06, -7.596984505008925e-09, 5.279040947978224e-10]
1 [0.0, -1.1746792934092583e-12, -2.4544240277217115e-13, 6.41517135588246e-11, -2.5172863691031333e-10, -1.5566257728645448e-15, 8.247550529582374e-16, 2.00696287467287e-05, -1.2053190548312718e-06, -6.060758993686622e-09, 4.1141096258680607e-10]
2 [0.0, -9.23106999378637e-13, -1.8532041797919692e-13, 5.835792894623448e-11, -1.987046096798244e-10, -1.6035666798026697e-15, 7.282498499724051e-16, 1.8500135321689132e-05, -1.2569797317037775e-06, -7.964942031260605e-09, 5.515876085573879e-10]
3 [0.0, -1.1746792934092583e-12, -2.5142530919920735e-13, 5.602466772630128e-11, -2.5953385694479963e-10, -1.5766700449844e-15, 8.412305760016819e-16, 2.029999716364467e-05, -1.1452412277373295e-06, -6.595158239259646e-09, 4.1129544462204313e-10]
4 [0.0, -1.006730862004299e-12, -2.1025983553875117e-13, 6.43624411619023e-11, -2.0557190937149915e-10, -1.7538682179567057e-15, 7.224039814172953e-16, 2.0054179409071747e-05, -1.2192727720981923e-06, -8.660045333991128e-09, 5.729532798748851e-10]
5 [0.0, -1.1971667528409716e-12, -2.3119001258181556e-13, 5.943524103805658e-11, -2.3659357146592973e-10, -1.3581899163894447e-15, 8.729259985944184e-16, 2.0313486829982953e-05, -1.1069310700615147e-06, -5.655319351570651e-09, 4.2150124725583636e-10]
6 [0.0, -9.552786291762394e-13, -1.9545859195350447e-13, 6.618745594479859e-11, -2.050493597798407e-10, -1.726018265135294e-15, 6.990370807065524e-16, 2.1704204320041904e-05, -1.3390120340920367e-06, -7.681406236719803e-09, 5.279040947978224e-10]
7 [0.0, -1.1746792934092583e-12, -2.567742745047943e-13, 5.943524103805658e-11, -2.2363862216640078e-10, -1.5000676260385129e-15, 8.660056203093905e-16, 2.0753830352227883e-05, -1.1739912884974962e-06, -5.475922426685233e-09, 4.022161163923783e-10]
8 [0.0, -9.887904692637233e-13, -1.9545859195350447e-13, 6.288176016292492e-11, -2.217901580934635e-10, -1.4483372366839704e-15, 7.69568771553268e-16, 2.022341228389472e-05, -1.3608573080066413e-06, -8.317372516351351e-09, 5.750686453725023e-10]
9 [0.0, -1.153882511048267e-12, -2.684333605924368e-13, 5.462449900999165e-11, -2.6905988912481425e-10, -1.5694410249367222e-15, 8.247550529582374e-16, 2.046671146424829e-05, -1.1913404700311248e-06, -6.060758993686622e-09, 4.255384003868494e-10]
----------------------------
Train and Validation error 
334811834326.13574 314500869849.8731
1272261995365.9653 913532555275.9033
392682311887.8881 1567044684357.43
743007422204.7992 517922065562.8929
1539687625203.1235 4974244386142.612
594334564272.383 1975466593408.7974
351463181321.6844 456930855223.7684
630078091097.3185 446902855626.00214
232159789531.19196 895696178955.1263
591759056871.0565 425892017657.194

-------------------NEW GENERATION-------------
[0.0, -1.1746792934092583e-12, -2.4769625497662684e-13, 5.943524103805658e-11, -2.4557163443427397e-10, -1.6035666798026697e-15, 7.224039814172953e-16, 2.0387857453283018e-05, -1.3146351589380523e-06, -7.964942031260605e-09, 5.279040947978224e-10]

[0.0, -1.0055027924753208e-12, -1.9586905247266753e-13, 6.020476190745503e-11, -2.0015648675430945e-10, -1.6035666798026697e-15, 7.224039814172953e-16, 2.088339075019829e-05, -1.3429803348750737e-06, -7.596984505008925e-09, 5.279040947978224e-10]

[0.0, -9.887904692637233e-13, -1.9545859195350447e-13, 6.43624411619023e-11, -2.032802269179343e-10, -1.4745087711422343e-15, 8.247550529582374e-16, 2.064932775606508e-05, -1.2053190548312718e-06, -6.060758993686622e-09, 4.255384003868494e-10]

[0.0, -1.2318173532512166e-12, -1.9399785781365432e-13, 7.020662688973996e-11, -2.572550891473128e-10, -1.7046786793170107e-15, 8.388227629196302e-16, 1.9083153826189373e-05, -1.1404717808098031e-06, -6.792243544733407e-09, 4.522990070171836e-10]

[0.0, -9.552786291762394e-13, -1.9545859195350447e-13, 6.618745594479859e-11, -2.050493597798407e-10, -1.726018265135294e-15, 6.990370807065524e-16, 2.1704204320041904e-05, -1.3390120340920367e-06, -7.681406236719803e-09, 5.279040947978224e-10]

[0.0, -1.153882511048267e-12, -2.684333605924368e-13, 5.462449900999165e-11, -2.6905988912481425e-10, -1.5694410249367222e-15, 8.247550529582374e-16, 2.046671146424829e-05, -1.1913404700311248e-06, -6.060758993686622e-09, 4.255384003868494e-10]

[0.0, -1.1746792934092583e-12, -2.567742745047943e-13, 5.943524103805658e-11, -2.2363862216640078e-10, -1.5000676260385129e-15, 8.660056203093905e-16, 2.0753830352227883e-05, -1.1739912884974962e-06, -5.475922426685233e-09, 4.022161163923783e-10]

[0.0, -1.1494662430988356e-12, -2.263729437622432e-13, 6.360077459179161e-11, -2.5803247009994175e-10, -1.6596351409861733e-15, 7.00338294720994e-16, 1.788221781602218e-05, -1.3185443830340822e-06, -6.672856371345904e-09, 4.965628859488993e-10]

[0.0, -1.0859243366893135e-12, -2.4693398747027993e-13, 6.415951877065274e-11, -2.4860908401059995e-10, -1.7003625265520764e-15, 7.329801090549721e-16, 2.0325219975659615e-05, -1.3614175441851454e-06, -7.267575381233706e-09, 5.594489497632056e-10]

[0.0, -1.1746792934092583e-12, -2.5142530919920735e-13, 5.602466772630128e-11, -2.5953385694479963e-10, -1.5766700449844e-15, 8.412305760016819e-16, 2.029999716364467e-05, -1.1452412277373295e-06, -6.595158239259646e-09, 4.1129544462204313e-10]

--------------------GENERATION ENDED-------------


Genetation iteration  3
--- Initial Population ----
[0.0, -1.1969048206679283e-12, -2.6041918638981285e-13, 6.15740272279286e-11, -2.402981439446648e-10, -1.5870319493924745e-15, 6.961432259201326e-16, 1.8593355335714672e-05, -1.3146351589380523e-06, -7.88508197932429e-09, 5.084633826935297e-10]

[0.0, -1.046018086262693e-12, -2.0584337556333806e-13, 5.7176297305486283e-11, -1.9466076373070427e-10, -1.5904032312217219e-15, 7.224039814172953e-16, 2.093840356960252e-05, -1.4618052640973901e-06, -8.239943100677219e-09, 4.99143589463875e-10]

[0.0, -9.363319450839978e-13, -1.8351765954887057e-13, 6.43624411619023e-11, -2.2188744542882518e-10, -1.5745878819821473e-15, 8.247550529582374e-16, 2.046053549869174e-05, -1.1994090871515824e-06, -6.060758993686622e-09, 3.8961714552121575e-10]

[0.0, -1.3242747317502499e-12, -2.125897764672913e-13, 6.888426831812257e-11, -2.473713091727378e-10, -1.7786886573032636e-15, 8.931472135231524e-16, 1.9100745527567063e-05, -1.1098716600837329e-06, -6.792243544733407e-09, 4.733699080839902e-10]

[0.0, -1.0199591485356814e-12, -1.9545859195350447e-13, 6.535780667084125e-11, -1.9445676198134118e-10, -1.7626261411190009e-15, 6.813980185370644e-16, 2.1704204320041904e-05, -1.4611035140722266e-06, -8.033107636981443e-09, 5.419220830371901e-10]

[0.0, -1.2508917865607533e-12, -2.684333605924368e-13, 5.462449900999165e-11, -2.774892877763417e-10, -1.5694410249367222e-15, 8.247550529582374e-16, 2.0415751352029615e-05, -1.1913404700311248e-06, -5.5713408890590675e-09, 4.255384003868494e-10]

[0.0, -1.2290519415520361e-12, -2.762750049481173e-13, 6.201399297201851e-11, -2.334552798365249e-10, -1.5000676260385129e-15, 8.525566108252735e-16, 2.153488460241871e-05, -1.2231952352791642e-06, -5.629800981672278e-09, 4.3253975456374493e-10]

[0.0, -1.0810679810300025e-12, -2.4442042235721265e-13, 6.360077459179161e-11, -2.4707988486762266e-10, -1.6596351409861733e-15, 6.514091346979416e-16, 1.788221781602218e-05, -1.33731672868361e-06, -6.323469240203438e-09, 5.038010346506377e-10]

[0.0, -1.0999773475514073e-12, -2.4963273907654257e-13, 6.295304926870964e-11, -2.5168049621518947e-10, -1.851241446936326e-15, 7.457729301771416e-16, 2.103848962724501e-05, -1.3840803432444208e-06, -7.75368209272165e-09, 5.908747247217151e-10]

[0.0, -1.1520665469468794e-12, -2.310374189435034e-13, 5.602466772630128e-11, -2.8284720706706445e-10, -1.4901008980579074e-15, 7.745035687737678e-16, 2.1212204545236122e-05, -1.1074709791972152e-06, -6.838318483481061e-09, 4.1129544462204313e-10]

----------------------------
Train and Validation error 
1103144193108.5305 820908422868.4812
5115908265033.569 6442474138899.193
2091444095706.272 1842387429969.391
747070646169.825 2703431587464.195
1630329221400.809 1253777551735.5386
469745985794.08905 497180484928.64276
465003271436.60986 537495149935.45593
797105366658.1926 460183983529.02966
571041584998.0623 2116436710517.0007
408528267915.474 640942201047.7588
After Selection (Parents Selected) 
[0.0, -1.2290519415520361e-12, -2.762750049481173e-13, 6.201399297201851e-11, -2.334552798365249e-10, -1.5000676260385129e-15, 8.525566108252735e-16, 2.153488460241871e-05, -1.2231952352791642e-06, -5.629800981672278e-09, 4.3253975456374493e-10]
[0.0, -1.2508917865607533e-12, -2.684333605924368e-13, 5.462449900999165e-11, -2.774892877763417e-10, -1.5694410249367222e-15, 8.247550529582374e-16, 2.0415751352029615e-05, -1.1913404700311248e-06, -5.5713408890590675e-09, 4.255384003868494e-10]
----------------------------
---After Crossover----
0 [0.0, -1.2290519415520361e-12, -2.762750049481173e-13, 6.201399297201851e-11, -2.334552798365249e-10, -1.5694410249367222e-15, 8.247550529582374e-16, 2.0415751352029615e-05, -1.1913404700311248e-06, -5.5713408890590675e-09, 4.255384003868494e-10]
1 [0.0, -1.2508917865607533e-12, -2.684333605924368e-13, 5.462449900999165e-11, -2.774892877763417e-10, -1.5000676260385129e-15, 8.525566108252735e-16, 2.153488460241871e-05, -1.2231952352791642e-06, -5.629800981672278e-09, 4.3253975456374493e-10]
2 [0.0, -1.2290519415520361e-12, -2.762750049481173e-13, 6.201399297201851e-11, -2.334552798365249e-10, -1.5694410249367222e-15, 8.247550529582374e-16, 2.0415751352029615e-05, -1.1913404700311248e-06, -5.5713408890590675e-09, 4.255384003868494e-10]
3 [0.0, -1.2508917865607533e-12, -2.684333605924368e-13, 5.462449900999165e-11, -2.774892877763417e-10, -1.5000676260385129e-15, 8.525566108252735e-16, 2.153488460241871e-05, -1.2231952352791642e-06, -5.629800981672278e-09, 4.3253975456374493e-10]
4 [0.0, -1.2290519415520361e-12, -2.762750049481173e-13, 6.201399297201851e-11, -2.334552798365249e-10, -1.5694410249367222e-15, 8.247550529582374e-16, 2.0415751352029615e-05, -1.1913404700311248e-06, -5.5713408890590675e-09, 4.255384003868494e-10]
5 [0.0, -1.2508917865607533e-12, -2.684333605924368e-13, 5.462449900999165e-11, -2.774892877763417e-10, -1.5000676260385129e-15, 8.525566108252735e-16, 2.153488460241871e-05, -1.2231952352791642e-06, -5.629800981672278e-09, 4.3253975456374493e-10]
6 [0.0, -1.2290519415520361e-12, -2.762750049481173e-13, 6.201399297201851e-11, -2.334552798365249e-10, -1.5694410249367222e-15, 8.247550529582374e-16, 2.0415751352029615e-05, -1.1913404700311248e-06, -5.5713408890590675e-09, 4.255384003868494e-10]
7 [0.0, -1.2508917865607533e-12, -2.684333605924368e-13, 5.462449900999165e-11, -2.774892877763417e-10, -1.5000676260385129e-15, 8.525566108252735e-16, 2.153488460241871e-05, -1.2231952352791642e-06, -5.629800981672278e-09, 4.3253975456374493e-10]
8 [0.0, -1.2290519415520361e-12, -2.762750049481173e-13, 6.201399297201851e-11, -2.334552798365249e-10, -1.5694410249367222e-15, 8.247550529582374e-16, 2.0415751352029615e-05, -1.1913404700311248e-06, -5.5713408890590675e-09, 4.255384003868494e-10]
9 [0.0, -1.2508917865607533e-12, -2.684333605924368e-13, 5.462449900999165e-11, -2.774892877763417e-10, -1.5000676260385129e-15, 8.525566108252735e-16, 2.153488460241871e-05, -1.2231952352791642e-06, -5.629800981672278e-09, 4.3253975456374493e-10]
----------------------------
----After Mutation--- 
0 [0.0, -1.3328893497655206e-12, -2.7674906036845216e-13, 6.201399297201851e-11, -2.5640973218147394e-10, -1.5630643927377406e-15, 8.923194976527154e-16, 2.0415751352029615e-05, -1.1913404700311248e-06, -5.919851056570465e-09, 4.255384003868494e-10]
1 [0.0, -1.1655976627620913e-12, -2.684333605924368e-13, 5.867394068204641e-11, -2.774892877763417e-10, -1.3974584438250833e-15, 8.604680558995545e-16, 2.153488460241871e-05, -1.1455273022186692e-06, -6.14744920785986e-09, 4.3253975456374493e-10]
2 [0.0, -1.118556707958649e-12, -2.6120265529212435e-13, 6.65661367558806e-11, -2.334552798365249e-10, -1.4310458037020178e-15, 8.27047595073322e-16, 2.0415751352029615e-05, -1.154850456684439e-06, -5.983054763822926e-09, 4.465926655987615e-10]
3 [0.0, -1.1879184361606776e-12, -2.684333605924368e-13, 5.462449900999165e-11, -2.5673451157781153e-10, -1.5000676260385129e-15, 9.367453668599565e-16, 2.153488460241871e-05, -1.2989177090747781e-06, -6.03565847510871e-09, 4.1721845844342605e-10]
4 [0.0, -1.2290519415520361e-12, -2.8825351959586853e-13, 6.327950808302059e-11, -2.505430404874096e-10, -1.5694410249367222e-15, 8.292353657146321e-16, 2.1752625901853225e-05, -1.1794157689545978e-06, -5.680573230773116e-09, 4.2950162925022135e-10]
5 [0.0, -1.3686027273566874e-12, -2.684333605924368e-13, 5.514273650992482e-11, -2.720599278949389e-10, -1.5164475982010414e-15, 8.847031657497143e-16, 2.153488460241871e-05, -1.1848866684069843e-06, -5.730429827302628e-09, 4.3483468594287167e-10]
6 [0.0, -1.1081192921528268e-12, -2.914882826466174e-13, 6.388134469455624e-11, -2.334552798365249e-10, -1.6097197775461814e-15, 8.704528822900932e-16, 2.1724325114857976e-05, -1.0879295499573288e-06, -5.732663693062026e-09, 4.419991794840636e-10]
7 [0.0, -1.3075567120611963e-12, -2.549178253974745e-13, 5.197896867510057e-11, -2.498755220882362e-10, -1.580548683902833e-15, 8.646576144471717e-16, 2.225918955261313e-05, -1.3340721549140564e-06, -5.577668897673387e-09, 4.2643649156943785e-10]
8 [0.0, -1.2388548752928792e-12, -2.690909755272527e-13, 6.201399297201851e-11, -2.1331634385531663e-10, -1.5694410249367222e-15, 8.016847221533637e-16, 1.9636735152164743e-05, -1.1913404700311248e-06, -5.371155821888805e-09, 4.349812725770562e-10]
9 [0.0, -1.149426806835283e-12, -2.8956842634606287e-13, 5.477971521379604e-11, -2.6431740673651033e-10, -1.5373728015990888e-15, 7.751216319950746e-16, 2.153488460241871e-05, -1.2531421606830975e-06, -5.629800981672278e-09, 4.0343691098984945e-10]
----------------------------
Train and Validation error 
547453723679.19226 425884428668.5709
513607367014.52014 1600929307450.8418
523568770275.7506 1746153779360.1868
2282024796051.8496 2026875629123.3914
478333441147.9669 1137250926900.0808
458133991835.03986 1149206849316.7139
1859259301088.7603 5733382633668.974
1949337411231.0845 1459819117556.4995
387542056973.84564 608454217488.191
1645927315532.1072 1211039077834.3445

-------------------NEW GENERATION-------------
[0.0, -1.2508917865607533e-12, -2.684333605924368e-13, 5.462449900999165e-11, -2.774892877763417e-10, -1.5694410249367222e-15, 8.247550529582374e-16, 2.0415751352029615e-05, -1.1913404700311248e-06, -5.5713408890590675e-09, 4.255384003868494e-10]

[0.0, -1.3328893497655206e-12, -2.7674906036845216e-13, 6.201399297201851e-11, -2.5640973218147394e-10, -1.5630643927377406e-15, 8.923194976527154e-16, 2.0415751352029615e-05, -1.1913404700311248e-06, -5.919851056570465e-09, 4.255384003868494e-10]

[0.0, -1.2290519415520361e-12, -2.762750049481173e-13, 6.201399297201851e-11, -2.334552798365249e-10, -1.5000676260385129e-15, 8.525566108252735e-16, 2.153488460241871e-05, -1.2231952352791642e-06, -5.629800981672278e-09, 4.3253975456374493e-10]

[0.0, -1.1520665469468794e-12, -2.310374189435034e-13, 5.602466772630128e-11, -2.8284720706706445e-10, -1.4901008980579074e-15, 7.745035687737678e-16, 2.1212204545236122e-05, -1.1074709791972152e-06, -6.838318483481061e-09, 4.1129544462204313e-10]

[0.0, -1.0810679810300025e-12, -2.4442042235721265e-13, 6.360077459179161e-11, -2.4707988486762266e-10, -1.6596351409861733e-15, 6.514091346979416e-16, 1.788221781602218e-05, -1.33731672868361e-06, -6.323469240203438e-09, 5.038010346506377e-10]

[0.0, -1.2388548752928792e-12, -2.690909755272527e-13, 6.201399297201851e-11, -2.1331634385531663e-10, -1.5694410249367222e-15, 8.016847221533637e-16, 1.9636735152164743e-05, -1.1913404700311248e-06, -5.371155821888805e-09, 4.349812725770562e-10]

[0.0, -1.1969048206679283e-12, -2.6041918638981285e-13, 6.15740272279286e-11, -2.402981439446648e-10, -1.5870319493924745e-15, 6.961432259201326e-16, 1.8593355335714672e-05, -1.3146351589380523e-06, -7.88508197932429e-09, 5.084633826935297e-10]

[0.0, -1.2290519415520361e-12, -2.8825351959586853e-13, 6.327950808302059e-11, -2.505430404874096e-10, -1.5694410249367222e-15, 8.292353657146321e-16, 2.1752625901853225e-05, -1.1794157689545978e-06, -5.680573230773116e-09, 4.2950162925022135e-10]

[0.0, -1.3686027273566874e-12, -2.684333605924368e-13, 5.514273650992482e-11, -2.720599278949389e-10, -1.5164475982010414e-15, 8.847031657497143e-16, 2.153488460241871e-05, -1.1848866684069843e-06, -5.730429827302628e-09, 4.3483468594287167e-10]

[0.0, -1.1655976627620913e-12, -2.684333605924368e-13, 5.867394068204641e-11, -2.774892877763417e-10, -1.3974584438250833e-15, 8.604680558995545e-16, 2.153488460241871e-05, -1.1455273022186692e-06, -6.14744920785986e-09, 4.3253975456374493e-10]

--------------------GENERATION ENDED-------------


Train and Validation error 
469745985794.08905 497180484928.64276
547453723679.19226 425884428668.5709
465003271436.60986 537495149935.45593
408528267915.474 640942201047.7588
797105366658.1926 460183983529.02966
387542056973.84564 608454217488.191
1103144193108.5305 820908422868.4812
478333441147.9669 1137250926900.0808
458133991835.03986 1149206849316.7139
513607367014.52014 1600929307450.8418
-------------------NEW GENERATION-------------

[0.0, -1.2508917865607533e-12, -2.684333605924368e-13, 5.462449900999165e-11, -2.774892877763417e-10, -1.5694410249367222e-15, 8.247550529582374e-16, 2.0415751352029615e-05, -1.1913404700311248e-06, -5.5713408890590675e-09, 4.255384003868494e-10]

[0.0, -1.3328893497655206e-12, -2.7674906036845216e-13, 6.201399297201851e-11, -2.5640973218147394e-10, -1.5630643927377406e-15, 8.923194976527154e-16, 2.0415751352029615e-05, -1.1913404700311248e-06, -5.919851056570465e-09, 4.255384003868494e-10]

[0.0, -1.2290519415520361e-12, -2.762750049481173e-13, 6.201399297201851e-11, -2.334552798365249e-10, -1.5000676260385129e-15, 8.525566108252735e-16, 2.153488460241871e-05, -1.2231952352791642e-06, -5.629800981672278e-09, 4.3253975456374493e-10]

[0.0, -1.1520665469468794e-12, -2.310374189435034e-13, 5.602466772630128e-11, -2.8284720706706445e-10, -1.4901008980579074e-15, 7.745035687737678e-16, 2.1212204545236122e-05, -1.1074709791972152e-06, -6.838318483481061e-09, 4.1129544462204313e-10]

[0.0, -1.0810679810300025e-12, -2.4442042235721265e-13, 6.360077459179161e-11, -2.4707988486762266e-10, -1.6596351409861733e-15, 6.514091346979416e-16, 1.788221781602218e-05, -1.33731672868361e-06, -6.323469240203438e-09, 5.038010346506377e-10]

[0.0, -1.2388548752928792e-12, -2.690909755272527e-13, 6.201399297201851e-11, -2.1331634385531663e-10, -1.5694410249367222e-15, 8.016847221533637e-16, 1.9636735152164743e-05, -1.1913404700311248e-06, -5.371155821888805e-09, 4.349812725770562e-10]

[0.0, -1.1969048206679283e-12, -2.6041918638981285e-13, 6.15740272279286e-11, -2.402981439446648e-10, -1.5870319493924745e-15, 6.961432259201326e-16, 1.8593355335714672e-05, -1.3146351589380523e-06, -7.88508197932429e-09, 5.084633826935297e-10]

[0.0, -1.2290519415520361e-12, -2.8825351959586853e-13, 6.327950808302059e-11, -2.505430404874096e-10, -1.5694410249367222e-15, 8.292353657146321e-16, 2.1752625901853225e-05, -1.1794157689545978e-06, -5.680573230773116e-09, 4.2950162925022135e-10]

[0.0, -1.3686027273566874e-12, -2.684333605924368e-13, 5.514273650992482e-11, -2.720599278949389e-10, -1.5164475982010414e-15, 8.847031657497143e-16, 2.153488460241871e-05, -1.1848866684069843e-06, -5.730429827302628e-09, 4.3483468594287167e-10]

[0.0, -1.1655976627620913e-12, -2.684333605924368e-13, 5.867394068204641e-11, -2.774892877763417e-10, -1.3974584438250833e-15, 8.604680558995545e-16, 2.153488460241871e-05, -1.1455273022186692e-06, -6.14744920785986e-09, 4.3253975456374493e-10]

--------------------GENERATION ENDED-------------

Final Vector submitted
[0.0, -1.1655976627620913e-12, -2.684333605924368e-13, 5.867394068204641e-11, -2.774892877763417e-10, -1.3974584438250833e-15, 8.604680558995545e-16, 2.153488460241871e-05, -1.1455273022186692e-06, -6.14744920785986e-09, 4.3253975456374493e-10]
