Genetation iteration  0
--- Initial Population ----
[0.0, -1.0171951237247676e-12, -2.2355524706492213e-13, 7.053819053143857e-11, -2.269328325909329e-10, -1.2961904587080874e-15, 8.067708321608521e-16, 2.102649186552512e-05, -1.561214271582043e-06, -8.43108685925361e-09, 6.458607049171913e-10]

[0.0, -9.473596101182757e-13, -1.803799089592215e-13, 6.968856294644538e-11, -2.4170725182009005e-10, -1.4329356259847863e-15, 7.910535599145793e-16, 2.035161069282147e-05, -1.7084513126131386e-06, -8.074883879311335e-09, 6.607538849318211e-10]

[0.0, -1.0028729889378534e-12, -2.052788887768912e-13, 7.24299109419603e-11, -2.459512037431257e-10, -1.7147707670247357e-15, 8.345005924013673e-16, 2.1017294800406114e-05, -1.4058816514714047e-06, -9.021727169754275e-09, 5.831621984800752e-10]

[0.0, -8.980098682357305e-13, -2.1224879416491172e-13, 5.940293703362442e-11, -2.2248748890457072e-10, -1.3821481442959749e-15, 9.023970147004644e-16, 1.9227353509042708e-05, -1.7646018168405284e-06, -9.565198812745444e-09, 6.990933547300101e-10]

[0.0, -8.916464860328546e-13, -2.32900566065257e-13, 7.232758953412924e-11, -2.3914526782473654e-10, -1.4701340548041638e-15, 8.375300246773436e-16, 2.07230336214131e-05, -1.5952847643279942e-06, -9.048737206052839e-09, 6.131111806558858e-10]

[0.0, -8.738006042725461e-13, -1.8511235971180178e-13, 6.016376216697597e-11, -2.2904085449131861e-10, -1.5945449832428685e-15, 7.643657488613294e-16, 2.069078162837614e-05, -1.5809329699810906e-06, -8.151112354786014e-09, 6.792424932631124e-10]

[0.0, -9.648853534972937e-13, -1.8715308995119842e-13, 5.568814026050536e-11, -2.17145686369589e-10, -1.533781917020427e-15, 8.263373058656475e-16, 1.7711563009569714e-05, -1.7104155161363612e-06, -8.526753180471669e-09, 5.837777836843116e-10]

[0.0, -9.967289050178395e-13, -2.2301200861260239e-13, 6.022897999377854e-11, -2.3464271979406206e-10, -1.3762537056216139e-15, 7.275485898720746e-16, 1.8830774111063226e-05, -1.6428898574596824e-06, -8.632318151171348e-09, 5.910452118517135e-10]

[0.0, -1.069439813708547e-12, -2.346482050244999e-13, 7.44010183011295e-11, -2.358806286160159e-10, -1.5259673654833738e-15, 7.879602515320432e-16, 1.734976647054201e-05, -1.6345336651560536e-06, -9.206853854826804e-09, 5.939351253338965e-10]

[0.0, -1.0952124123763893e-12, -2.223040420268697e-13, 5.6151212854376867e-11, -2.4877909486546755e-10, -1.4932750655396773e-15, 6.834073935834124e-16, 1.7692296889603718e-05, -1.5939564900349497e-06, -8.92221324367816e-09, 5.638986562485594e-10]

----------------------------
Train and Validation error 
168876032514.97812 456024277654.87634
1086309430732.5297 792387974062.4755
304035722298.7538 252200093384.16864
2215613805157.3057 2658537444647.3677
1867616057409.9219 1861252172625.1167
470236651939.9044 1703902666319.0532
11242895669647.53 17309420572459.324
5522148874429.258 7739247874913.159
7853647707973.889 11635528121366.016
8260424324508.472 12235574802150.389
After Selection (Parents Selected) 
[0.0, -1.0171951237247676e-12, -2.2355524706492213e-13, 7.053819053143857e-11, -2.269328325909329e-10, -1.2961904587080874e-15, 8.067708321608521e-16, 2.102649186552512e-05, -1.561214271582043e-06, -8.43108685925361e-09, 6.458607049171913e-10]
[0.0, -1.0028729889378534e-12, -2.052788887768912e-13, 7.24299109419603e-11, -2.459512037431257e-10, -1.7147707670247357e-15, 8.345005924013673e-16, 2.1017294800406114e-05, -1.4058816514714047e-06, -9.021727169754275e-09, 5.831621984800752e-10]
----------------------------
---After Crossover----
0 [0.0, -1.0171951237247676e-12, -2.2355524706492213e-13, 7.053819053143857e-11, -2.269328325909329e-10, -1.7147707670247357e-15, 8.345005924013673e-16, 2.1017294800406114e-05, -1.4058816514714047e-06, -9.021727169754275e-09, 5.831621984800752e-10]
1 [0.0, -1.0028729889378534e-12, -2.052788887768912e-13, 7.24299109419603e-11, -2.459512037431257e-10, -1.2961904587080874e-15, 8.067708321608521e-16, 2.102649186552512e-05, -1.561214271582043e-06, -8.43108685925361e-09, 6.458607049171913e-10]
2 [0.0, -1.0171951237247676e-12, -2.2355524706492213e-13, 7.053819053143857e-11, -2.269328325909329e-10, -1.7147707670247357e-15, 8.345005924013673e-16, 2.1017294800406114e-05, -1.4058816514714047e-06, -9.021727169754275e-09, 5.831621984800752e-10]
3 [0.0, -1.0028729889378534e-12, -2.052788887768912e-13, 7.24299109419603e-11, -2.459512037431257e-10, -1.2961904587080874e-15, 8.067708321608521e-16, 2.102649186552512e-05, -1.561214271582043e-06, -8.43108685925361e-09, 6.458607049171913e-10]
4 [0.0, -1.0171951237247676e-12, -2.2355524706492213e-13, 7.053819053143857e-11, -2.269328325909329e-10, -1.7147707670247357e-15, 8.345005924013673e-16, 2.1017294800406114e-05, -1.4058816514714047e-06, -9.021727169754275e-09, 5.831621984800752e-10]
5 [0.0, -1.0028729889378534e-12, -2.052788887768912e-13, 7.24299109419603e-11, -2.459512037431257e-10, -1.2961904587080874e-15, 8.067708321608521e-16, 2.102649186552512e-05, -1.561214271582043e-06, -8.43108685925361e-09, 6.458607049171913e-10]
6 [0.0, -1.0171951237247676e-12, -2.2355524706492213e-13, 7.053819053143857e-11, -2.269328325909329e-10, -1.7147707670247357e-15, 8.345005924013673e-16, 2.1017294800406114e-05, -1.4058816514714047e-06, -9.021727169754275e-09, 5.831621984800752e-10]
7 [0.0, -1.0028729889378534e-12, -2.052788887768912e-13, 7.24299109419603e-11, -2.459512037431257e-10, -1.2961904587080874e-15, 8.067708321608521e-16, 2.102649186552512e-05, -1.561214271582043e-06, -8.43108685925361e-09, 6.458607049171913e-10]
8 [0.0, -1.0171951237247676e-12, -2.2355524706492213e-13, 7.053819053143857e-11, -2.269328325909329e-10, -1.7147707670247357e-15, 8.345005924013673e-16, 2.1017294800406114e-05, -1.4058816514714047e-06, -9.021727169754275e-09, 5.831621984800752e-10]
9 [0.0, -1.0028729889378534e-12, -2.052788887768912e-13, 7.24299109419603e-11, -2.459512037431257e-10, -1.2961904587080874e-15, 8.067708321608521e-16, 2.102649186552512e-05, -1.561214271582043e-06, -8.43108685925361e-09, 6.458607049171913e-10]
----------------------------
----After Mutation--- 
0 [0.0, -9.292687620104161e-13, -2.2355524706492213e-13, 6.54110414145304e-11, -2.438341728712702e-10, -1.7147707670247357e-15, 8.694027459732652e-16, 2.2950616825598206e-05, -1.5184010997069244e-06, -8.537314686477326e-09, 6.216949901380433e-10]
1 [0.0, -1.0028729889378534e-12, -2.035257074443888e-13, 6.547682232733102e-11, -2.665295830564606e-10, -1.198404232819685e-15, 7.827458189226863e-16, 2.149476787384664e-05, -1.561214271582043e-06, -8.341642793520674e-09, 6.681632790123341e-10]
2 [0.0, -1.0171951237247676e-12, -2.21970914634464e-13, 7.336247962931493e-11, -2.1524048893557185e-10, -1.6362692476479305e-15, 7.788265735056304e-16, 2.1017294800406114e-05, -1.4694169163348444e-06, -9.021727169754275e-09, 6.142834981703201e-10]
3 [0.0, -1.0460594037037215e-12, -2.1751134394318478e-13, 7.708555696795304e-11, -2.2597085530141544e-10, -1.3982860559226419e-15, 8.860325795449381e-16, 2.1126482089808385e-05, -1.4679237629989534e-06, -8.90295474047597e-09, 6.636021663915729e-10]
4 [0.0, -1.0755903864088125e-12, -2.1058878514710017e-13, 6.637602308669127e-11, -2.2283749732980262e-10, -1.700548292639018e-15, 8.345005924013673e-16, 1.93894226544253e-05, -1.3169713958061125e-06, -9.275947858077644e-09, 6.40016615529889e-10]
5 [0.0, -1.0602612568237926e-12, -1.922767373910908e-13, 7.965343959645769e-11, -2.369445960701043e-10, -1.2961904587080874e-15, 7.359490334856388e-16, 2.102649186552512e-05, -1.6443955173118604e-06, -8.43108685925361e-09, 6.821128071936879e-10]
6 [0.0, -9.290000278713897e-13, -2.3197672914875735e-13, 6.762241633165222e-11, -2.3409575857524285e-10, -1.8645864004604357e-15, 8.345005924013673e-16, 1.9085642653693483e-05, -1.4980379114954146e-06, -9.695677008598897e-09, 6.408282520770943e-10]
7 [0.0, -9.194632509039154e-13, -2.0605479146686338e-13, 6.62194878815017e-11, -2.439703042425287e-10, -1.3727478315489298e-15, 8.873086902905651e-16, 2.145764558945287e-05, -1.6530312013267814e-06, -8.651094277211061e-09, 6.28903680110875e-10]
8 [0.0, -9.456636506750873e-13, -2.0290656193766814e-13, 7.403038553185058e-11, -2.1128996008994225e-10, -1.6979144677815279e-15, 9.169233753091604e-16, 2.067885552658815e-05, -1.2695386213397291e-06, -9.021727169754275e-09, 5.460561221734037e-10]
9 [0.0, -9.251039799583632e-13, -2.1232881993799763e-13, 7.200224314709222e-11, -2.334041448986594e-10, -1.2961904587080874e-15, 7.387735049663738e-16, 1.9958101278136754e-05, -1.5937707682006788e-06, -8.43108685925361e-09, 6.458607049171913e-10]
----------------------------
Train and Validation error 
283577654102.5387 633121899598.9938
749006963025.3667 2308317681735.073
208707437213.8287 261899095888.6148
1333356637879.577 4093390914702.888
1907307798445.063 5801399078681.953
179688349993.84058 455160711150.6463
548449855811.55194 278637194264.1869
1486745882856.3257 1303397068584.0916
259055774516.1394 810854682276.4723
268511153519.24918 77016839758.73582

-------------------NEW GENERATION-------------
[0.0, -1.0028729889378534e-12, -2.052788887768912e-13, 7.24299109419603e-11, -2.459512037431257e-10, -1.7147707670247357e-15, 8.345005924013673e-16, 2.1017294800406114e-05, -1.4058816514714047e-06, -9.021727169754275e-09, 5.831621984800752e-10]

[0.0, -1.0171951237247676e-12, -2.2355524706492213e-13, 7.053819053143857e-11, -2.269328325909329e-10, -1.2961904587080874e-15, 8.067708321608521e-16, 2.102649186552512e-05, -1.561214271582043e-06, -8.43108685925361e-09, 6.458607049171913e-10]

[0.0, -9.251039799583632e-13, -2.1232881993799763e-13, 7.200224314709222e-11, -2.334041448986594e-10, -1.2961904587080874e-15, 7.387735049663738e-16, 1.9958101278136754e-05, -1.5937707682006788e-06, -8.43108685925361e-09, 6.458607049171913e-10]

[0.0, -9.473596101182757e-13, -1.803799089592215e-13, 6.968856294644538e-11, -2.4170725182009005e-10, -1.4329356259847863e-15, 7.910535599145793e-16, 2.035161069282147e-05, -1.7084513126131386e-06, -8.074883879311335e-09, 6.607538849318211e-10]

[0.0, -1.0171951237247676e-12, -2.21970914634464e-13, 7.336247962931493e-11, -2.1524048893557185e-10, -1.6362692476479305e-15, 7.788265735056304e-16, 2.1017294800406114e-05, -1.4694169163348444e-06, -9.021727169754275e-09, 6.142834981703201e-10]

[0.0, -8.738006042725461e-13, -1.8511235971180178e-13, 6.016376216697597e-11, -2.2904085449131861e-10, -1.5945449832428685e-15, 7.643657488613294e-16, 2.069078162837614e-05, -1.5809329699810906e-06, -8.151112354786014e-09, 6.792424932631124e-10]

[0.0, -1.0602612568237926e-12, -1.922767373910908e-13, 7.965343959645769e-11, -2.369445960701043e-10, -1.2961904587080874e-15, 7.359490334856388e-16, 2.102649186552512e-05, -1.6443955173118604e-06, -8.43108685925361e-09, 6.821128071936879e-10]

[0.0, -9.290000278713897e-13, -2.3197672914875735e-13, 6.762241633165222e-11, -2.3409575857524285e-10, -1.8645864004604357e-15, 8.345005924013673e-16, 1.9085642653693483e-05, -1.4980379114954146e-06, -9.695677008598897e-09, 6.408282520770943e-10]

[0.0, -8.916464860328546e-13, -2.32900566065257e-13, 7.232758953412924e-11, -2.3914526782473654e-10, -1.4701340548041638e-15, 8.375300246773436e-16, 2.07230336214131e-05, -1.5952847643279942e-06, -9.048737206052839e-09, 6.131111806558858e-10]

[0.0, -9.292687620104161e-13, -2.2355524706492213e-13, 6.54110414145304e-11, -2.438341728712702e-10, -1.7147707670247357e-15, 8.694027459732652e-16, 2.2950616825598206e-05, -1.5184010997069244e-06, -8.537314686477326e-09, 6.216949901380433e-10]

--------------------GENERATION ENDED-------------


Genetation iteration  1
--- Initial Population ----
[0.0, -1.0554615902969597e-12, -1.8878659639915304e-13, 6.974855714098193e-11, -2.6075986762138743e-10, -1.6752305137369492e-15, 8.096897717168861e-16, 2.0786809553629957e-05, -1.409467099432564e-06, -9.403135853691008e-09, 5.831621984800752e-10]

[0.0, -9.472511143383906e-13, -2.2904238433397435e-13, 6.837523550581434e-11, -2.228601449753142e-10, -1.3342329289352358e-15, 7.860713775600423e-16, 2.2412701516485457e-05, -1.4269550873973953e-06, -9.063923147325448e-09, 6.639245850655449e-10]

[0.0, -9.883637524750516e-13, -2.1282972652201147e-13, 6.871822558555083e-11, -2.3622113305261596e-10, -1.3595075634687588e-15, 7.2015790057291e-16, 1.950092659264143e-05, -1.7155553933209495e-06, -7.715321582575627e-09, 6.712192464682189e-10]

[0.0, -1.0290821656394248e-12, -1.7129559063737249e-13, 7.282915935592284e-11, -2.2397160758250744e-10, -1.5560106741445124e-15, 8.060663183187679e-16, 1.9854188128493686e-05, -1.7328316449387842e-06, -8.509512576741953e-09, 6.607538849318211e-10]

[0.0, -1.0171951237247676e-12, -2.3843384806330743e-13, 6.827155792940083e-11, -2.1524048893557185e-10, -1.67498164522936e-15, 7.732965889130786e-16, 2.0157074865765714e-05, -1.4694169163348444e-06, -9.372360769112782e-09, 6.142834981703201e-10]

[0.0, -8.340003517996517e-13, -1.9261063745699647e-13, 6.134338796183569e-11, -2.1616517241441053e-10, -1.4503725785027468e-15, 7.643657488613294e-16, 2.0647239340626305e-05, -1.5140189054022279e-06, -8.453173042259606e-09, 6.792424932631124e-10]

[0.0, -9.598006004561214e-13, -1.8742604511575507e-13, 8.607945525784983e-11, -2.369445960701043e-10, -1.3501849995034313e-15, 8.02036040559976e-16, 1.9438299261719944e-05, -1.548197864742313e-06, -8.0408357828187e-09, 6.635244619064554e-10]

[0.0, -9.013164764917573e-13, -2.1789998512509994e-13, 6.970338623667611e-11, -2.3409575857524285e-10, -1.900536504255125e-15, 8.345005924013673e-16, 1.8566894572823487e-05, -1.617859588690377e-06, -9.852435611580859e-09, 6.295463984694138e-10]

[0.0, -8.591058766062795e-13, -2.3010705278281105e-13, 7.5894184233202e-11, -2.428300557995025e-10, -1.4701340548041638e-15, 8.375300246773436e-16, 2.0970165603309587e-05, -1.692160414163152e-06, -9.33860917658434e-09, 6.026376272470685e-10]

[0.0, -9.801093186800965e-13, -2.0625795653654263e-13, 7.194301941481937e-11, -2.4606626718474377e-10, -1.809519985795824e-15, 9.172043757752984e-16, 2.0845859459870485e-05, -1.652405461562568e-06, -7.975718943607391e-09, 5.885658397348012e-10]

----------------------------
Train and Validation error 
459877212772.68066 239361652542.7981
2955593526340.1743 7953140751231.472
731775658361.3627 423347598577.8378
2452339701092.2075 2698779319009.861
405722281531.7339 191302040095.07147
1324882873510.1675 4063794313328.175
328131284617.27594 1256370807994.392
4707809286648.509 6001781725455.384
6368391241146.236 8901628226378.594
4471655744022.545 5296803913090.742
After Selection (Parents Selected) 
[0.0, -1.0554615902969597e-12, -1.8878659639915304e-13, 6.974855714098193e-11, -2.6075986762138743e-10, -1.6752305137369492e-15, 8.096897717168861e-16, 2.0786809553629957e-05, -1.409467099432564e-06, -9.403135853691008e-09, 5.831621984800752e-10]
[0.0, -1.0171951237247676e-12, -2.3843384806330743e-13, 6.827155792940083e-11, -2.1524048893557185e-10, -1.67498164522936e-15, 7.732965889130786e-16, 2.0157074865765714e-05, -1.4694169163348444e-06, -9.372360769112782e-09, 6.142834981703201e-10]
----------------------------
---After Crossover----
0 [0.0, -1.0554615902969597e-12, -1.8878659639915304e-13, 6.974855714098193e-11, -2.6075986762138743e-10, -1.67498164522936e-15, 7.732965889130786e-16, 2.0157074865765714e-05, -1.4694169163348444e-06, -9.372360769112782e-09, 6.142834981703201e-10]
1 [0.0, -1.0171951237247676e-12, -2.3843384806330743e-13, 6.827155792940083e-11, -2.1524048893557185e-10, -1.6752305137369492e-15, 8.096897717168861e-16, 2.0786809553629957e-05, -1.409467099432564e-06, -9.403135853691008e-09, 5.831621984800752e-10]
2 [0.0, -1.0554615902969597e-12, -1.8878659639915304e-13, 6.974855714098193e-11, -2.6075986762138743e-10, -1.67498164522936e-15, 7.732965889130786e-16, 2.0157074865765714e-05, -1.4694169163348444e-06, -9.372360769112782e-09, 6.142834981703201e-10]
3 [0.0, -1.0171951237247676e-12, -2.3843384806330743e-13, 6.827155792940083e-11, -2.1524048893557185e-10, -1.6752305137369492e-15, 8.096897717168861e-16, 2.0786809553629957e-05, -1.409467099432564e-06, -9.403135853691008e-09, 5.831621984800752e-10]
4 [0.0, -1.0554615902969597e-12, -1.8878659639915304e-13, 6.974855714098193e-11, -2.6075986762138743e-10, -1.67498164522936e-15, 7.732965889130786e-16, 2.0157074865765714e-05, -1.4694169163348444e-06, -9.372360769112782e-09, 6.142834981703201e-10]
5 [0.0, -1.0171951237247676e-12, -2.3843384806330743e-13, 6.827155792940083e-11, -2.1524048893557185e-10, -1.6752305137369492e-15, 8.096897717168861e-16, 2.0786809553629957e-05, -1.409467099432564e-06, -9.403135853691008e-09, 5.831621984800752e-10]
6 [0.0, -1.0554615902969597e-12, -1.8878659639915304e-13, 6.974855714098193e-11, -2.6075986762138743e-10, -1.67498164522936e-15, 7.732965889130786e-16, 2.0157074865765714e-05, -1.4694169163348444e-06, -9.372360769112782e-09, 6.142834981703201e-10]
7 [0.0, -1.0171951237247676e-12, -2.3843384806330743e-13, 6.827155792940083e-11, -2.1524048893557185e-10, -1.6752305137369492e-15, 8.096897717168861e-16, 2.0786809553629957e-05, -1.409467099432564e-06, -9.403135853691008e-09, 5.831621984800752e-10]
8 [0.0, -1.0554615902969597e-12, -1.8878659639915304e-13, 6.974855714098193e-11, -2.6075986762138743e-10, -1.67498164522936e-15, 7.732965889130786e-16, 2.0157074865765714e-05, -1.4694169163348444e-06, -9.372360769112782e-09, 6.142834981703201e-10]
9 [0.0, -1.0171951237247676e-12, -2.3843384806330743e-13, 6.827155792940083e-11, -2.1524048893557185e-10, -1.6752305137369492e-15, 8.096897717168861e-16, 2.0786809553629957e-05, -1.409467099432564e-06, -9.403135853691008e-09, 5.831621984800752e-10]
----------------------------
----After Mutation--- 
0 [0.0, -1.1383182608869965e-12, -1.9510284806208253e-13, 6.974855714098193e-11, -2.356426449251692e-10, -1.67498164522936e-15, 8.195536194565518e-16, 2.011682215695196e-05, -1.4694169163348444e-06, -9.569705665404216e-09, 6.085162919685438e-10]
1 [0.0, -1.0987112054891925e-12, -2.450249155198323e-13, 6.827155792940083e-11, -2.1524048893557185e-10, -1.799347520789149e-15, 8.88323168736536e-16, 2.0907016081093734e-05, -1.4452363879733017e-06, -9.431560372036485e-09, 5.431169921033502e-10]
2 [0.0, -1.0274929221738076e-12, -1.7327192783259194e-13, 6.862576821498257e-11, -2.6075986762138743e-10, -1.8152234413984217e-15, 7.603661096394039e-16, 2.0159294317392606e-05, -1.3892141452315917e-06, -9.186268798257453e-09, 6.142834981703201e-10]
3 [0.0, -1.0171951237247676e-12, -2.3843384806330743e-13, 7.15254362596101e-11, -2.1524048893557185e-10, -1.6817611874829406e-15, 8.0134413742470625e-16, 2.1037889406900615e-05, -1.409467099432564e-06, -9.11685661400872e-09, 6.204822381824208e-10]
4 [0.0, -1.0554615902969597e-12, -1.7357927784830835e-13, 7.361128593862221e-11, -2.773829437446613e-10, -1.8263497368732285e-15, 7.732965889130786e-16, 2.0157074865765714e-05, -1.3798116565669588e-06, -1.0184943179200851e-08, 5.789690843952013e-10]
5 [0.0, -9.78296827095159e-13, -2.3843384806330743e-13, 7.118116014177217e-11, -2.0601543054882205e-10, -1.6271295420495357e-15, 7.49275875295445e-16, 2.0964382105387622e-05, -1.409467099432564e-06, -9.403135853691008e-09, 5.72223072425151e-10]
6 [0.0, -9.996495583331237e-13, -1.7944839121584295e-13, 6.974855714098193e-11, -2.5450681463223934e-10, -1.567187055229632e-15, 7.30049574923826e-16, 2.0157074865765714e-05, -1.5051416461201964e-06, -9.992896571003191e-09, 5.668140403071045e-10]
7 [0.0, -1.0323867949376122e-12, -2.490623546866806e-13, 6.169386378458834e-11, -2.1971006190805557e-10, -1.6752305137369492e-15, 7.842835880532518e-16, 2.0786809553629957e-05, -1.3176934174462083e-06, -9.018878294423404e-09, 5.527724372394974e-10]
8 [0.0, -1.0123476827870774e-12, -1.9144307977123714e-13, 6.511120238808501e-11, -2.7800039839027416e-10, -1.67498164522936e-15, 7.767262845468905e-16, 2.0397660451269207e-05, -1.5592995035114354e-06, -9.71963074967542e-09, 6.40125016874344e-10]
9 [0.0, -1.0395214207692533e-12, -2.149190431683066e-13, 6.827155792940083e-11, -2.1335183485871613e-10, -1.6752305137369492e-15, 8.702394603322112e-16, 2.2635929588165256e-05, -1.4066615837574193e-06, -9.403135853691008e-09, 5.576995568097803e-10]
----------------------------
Train and Validation error 
665292851157.8779 376693085755.0293
3304503794904.13 3648731460634.573
252156280580.64737 1029184992199.8313
383882146822.9294 1557001424392.5872
975182475075.7434 657080271957.3351
671050067523.3928 379060877365.4885
4317602132109.824 5525432247334.717
259974817542.69913 389311714096.0669
891345262780.0422 601987577252.3268
741156614091.8372 412231067311.80176

-------------------NEW GENERATION-------------
[0.0, -1.0171951237247676e-12, -2.3843384806330743e-13, 6.827155792940083e-11, -2.1524048893557185e-10, -1.67498164522936e-15, 7.732965889130786e-16, 2.0157074865765714e-05, -1.4694169163348444e-06, -9.372360769112782e-09, 6.142834981703201e-10]

[0.0, -1.0554615902969597e-12, -1.8878659639915304e-13, 6.974855714098193e-11, -2.6075986762138743e-10, -1.6752305137369492e-15, 8.096897717168861e-16, 2.0786809553629957e-05, -1.409467099432564e-06, -9.403135853691008e-09, 5.831621984800752e-10]

[0.0, -9.883637524750516e-13, -2.1282972652201147e-13, 6.871822558555083e-11, -2.3622113305261596e-10, -1.3595075634687588e-15, 7.2015790057291e-16, 1.950092659264143e-05, -1.7155553933209495e-06, -7.715321582575627e-09, 6.712192464682189e-10]

[0.0, -1.0323867949376122e-12, -2.490623546866806e-13, 6.169386378458834e-11, -2.1971006190805557e-10, -1.6752305137369492e-15, 7.842835880532518e-16, 2.0786809553629957e-05, -1.3176934174462083e-06, -9.018878294423404e-09, 5.527724372394974e-10]

[0.0, -9.598006004561214e-13, -1.8742604511575507e-13, 8.607945525784983e-11, -2.369445960701043e-10, -1.3501849995034313e-15, 8.02036040559976e-16, 1.9438299261719944e-05, -1.548197864742313e-06, -8.0408357828187e-09, 6.635244619064554e-10]

[0.0, -1.1383182608869965e-12, -1.9510284806208253e-13, 6.974855714098193e-11, -2.356426449251692e-10, -1.67498164522936e-15, 8.195536194565518e-16, 2.011682215695196e-05, -1.4694169163348444e-06, -9.569705665404216e-09, 6.085162919685438e-10]

[0.0, -9.78296827095159e-13, -2.3843384806330743e-13, 7.118116014177217e-11, -2.0601543054882205e-10, -1.6271295420495357e-15, 7.49275875295445e-16, 2.0964382105387622e-05, -1.409467099432564e-06, -9.403135853691008e-09, 5.72223072425151e-10]

[0.0, -1.0395214207692533e-12, -2.149190431683066e-13, 6.827155792940083e-11, -2.1335183485871613e-10, -1.6752305137369492e-15, 8.702394603322112e-16, 2.2635929588165256e-05, -1.4066615837574193e-06, -9.403135853691008e-09, 5.576995568097803e-10]

[0.0, -1.0123476827870774e-12, -1.9144307977123714e-13, 6.511120238808501e-11, -2.7800039839027416e-10, -1.67498164522936e-15, 7.767262845468905e-16, 2.0397660451269207e-05, -1.5592995035114354e-06, -9.71963074967542e-09, 6.40125016874344e-10]

[0.0, -1.0554615902969597e-12, -1.7357927784830835e-13, 7.361128593862221e-11, -2.773829437446613e-10, -1.8263497368732285e-15, 7.732965889130786e-16, 2.0157074865765714e-05, -1.3798116565669588e-06, -1.0184943179200851e-08, 5.789690843952013e-10]

--------------------GENERATION ENDED-------------


Genetation iteration  2
--- Initial Population ----
[0.0, -1.0171951237247676e-12, -2.210525878842159e-13, 6.147124666272408e-11, -2.3161512757798993e-10, -1.8298017759013485e-15, 8.029632882135374e-16, 1.9089317122329535e-05, -1.3690994272639423e-06, -9.611668812463857e-09, 6.666350635446608e-10]

[0.0, -1.0554615902969597e-12, -1.8878659639915304e-13, 6.868065604994383e-11, -2.6942412476236524e-10, -1.6752305137369492e-15, 8.486553040824357e-16, 2.2415845651772015e-05, -1.2818445496172095e-06, -9.415167266989237e-09, 5.831621984800752e-10]

[0.0, -1.005409805836433e-12, -1.9501613272231578e-13, 6.670591161819353e-11, -2.5593849914051693e-10, -1.3595075634687588e-15, 6.637624747116429e-16, 1.9854420109569518e-05, -1.7155553933209495e-06, -7.495808989569755e-09, 6.832858279053594e-10]

[0.0, -9.874166199906073e-13, -2.490623546866806e-13, 6.169386378458834e-11, -2.326519290243052e-10, -1.5510253325849042e-15, 7.915032770002363e-16, 2.0786809553629957e-05, -1.3935490543730235e-06, -8.626411671890258e-09, 5.373555711227406e-10]

[0.0, -9.752414596906604e-13, -1.9618373860878658e-13, 8.607945525784983e-11, -2.3954589422934206e-10, -1.4740407670793907e-15, 8.741450477100843e-16, 1.7738256777919825e-05, -1.556259525783078e-06, -8.182965905802072e-09, 7.119906691626483e-10]

[0.0, -1.16472109358254e-12, -1.9432537811854722e-13, 6.782873440193832e-11, -2.356426449251692e-10, -1.6383926361138674e-15, 8.195536194565518e-16, 2.011682215695196e-05, -1.4694169163348444e-06, -9.291211970312681e-09, 6.629523771458499e-10]

[0.0, -1.0179343153417216e-12, -2.3843384806330743e-13, 7.720739498828626e-11, -1.9819953589720033e-10, -1.6271295420495357e-15, 7.540254115982051e-16, 2.182586654466508e-05, -1.409467099432564e-06, -9.403135853691008e-09, 5.492993394437357e-10]

[0.0, -1.0061229747138697e-12, -2.149190431683066e-13, 6.491736551674184e-11, -2.1714497233114331e-10, -1.6158432557399111e-15, 8.218246165358003e-16, 2.2681272542726175e-05, -1.484463128500713e-06, -8.816101327495598e-09, 6.098769806234997e-10]

[0.0, -9.779142162915078e-13, -1.986847958849299e-13, 6.39498432815651e-11, -2.6878197327249966e-10, -1.7908319988315933e-15, 8.083311242173939e-16, 1.8627587966092073e-05, -1.4310809297006622e-06, -9.71963074967542e-09, 6.134505067130778e-10]

[0.0, -1.1448374924753211e-12, -1.7259968652563772e-13, 8.059547163332138e-11, -3.0239323978377544e-10, -1.8263497368732285e-15, 7.824912950647315e-16, 2.082512730768664e-05, -1.2559422595041485e-06, -9.194986639889928e-09, 6.236415241141015e-10]

----------------------------
Train and Validation error 
1469961869629.696 4749533510676.788
1119746969329.0066 3800685587661.5615
305607653066.0697 69481736368.11429
1106801850572.7573 802549242063.9329
1026005525075.3105 3330280949251.5957
473501709026.40753 1900167810440.7524
1272160299105.9124 971515639970.6176
241760031348.7037 496863662010.8254
596603967962.9446 324445154192.31946
3305598594820.789 9400894889053.59
After Selection (Parents Selected) 
[0.0, -1.0061229747138697e-12, -2.149190431683066e-13, 6.491736551674184e-11, -2.1714497233114331e-10, -1.6158432557399111e-15, 8.218246165358003e-16, 2.2681272542726175e-05, -1.484463128500713e-06, -8.816101327495598e-09, 6.098769806234997e-10]
[0.0, -1.005409805836433e-12, -1.9501613272231578e-13, 6.670591161819353e-11, -2.5593849914051693e-10, -1.3595075634687588e-15, 6.637624747116429e-16, 1.9854420109569518e-05, -1.7155553933209495e-06, -7.495808989569755e-09, 6.832858279053594e-10]
----------------------------
---After Crossover----
0 [0.0, -1.0061229747138697e-12, -2.149190431683066e-13, 6.491736551674184e-11, -2.1714497233114331e-10, -1.3595075634687588e-15, 6.637624747116429e-16, 1.9854420109569518e-05, -1.7155553933209495e-06, -7.495808989569755e-09, 6.832858279053594e-10]
1 [0.0, -1.005409805836433e-12, -1.9501613272231578e-13, 6.670591161819353e-11, -2.5593849914051693e-10, -1.6158432557399111e-15, 8.218246165358003e-16, 2.2681272542726175e-05, -1.484463128500713e-06, -8.816101327495598e-09, 6.098769806234997e-10]
2 [0.0, -1.0061229747138697e-12, -2.149190431683066e-13, 6.491736551674184e-11, -2.1714497233114331e-10, -1.3595075634687588e-15, 6.637624747116429e-16, 1.9854420109569518e-05, -1.7155553933209495e-06, -7.495808989569755e-09, 6.832858279053594e-10]
3 [0.0, -1.005409805836433e-12, -1.9501613272231578e-13, 6.670591161819353e-11, -2.5593849914051693e-10, -1.6158432557399111e-15, 8.218246165358003e-16, 2.2681272542726175e-05, -1.484463128500713e-06, -8.816101327495598e-09, 6.098769806234997e-10]
4 [0.0, -1.0061229747138697e-12, -2.149190431683066e-13, 6.491736551674184e-11, -2.1714497233114331e-10, -1.3595075634687588e-15, 6.637624747116429e-16, 1.9854420109569518e-05, -1.7155553933209495e-06, -7.495808989569755e-09, 6.832858279053594e-10]
5 [0.0, -1.005409805836433e-12, -1.9501613272231578e-13, 6.670591161819353e-11, -2.5593849914051693e-10, -1.6158432557399111e-15, 8.218246165358003e-16, 2.2681272542726175e-05, -1.484463128500713e-06, -8.816101327495598e-09, 6.098769806234997e-10]
6 [0.0, -1.0061229747138697e-12, -2.149190431683066e-13, 6.491736551674184e-11, -2.1714497233114331e-10, -1.3595075634687588e-15, 6.637624747116429e-16, 1.9854420109569518e-05, -1.7155553933209495e-06, -7.495808989569755e-09, 6.832858279053594e-10]
7 [0.0, -1.005409805836433e-12, -1.9501613272231578e-13, 6.670591161819353e-11, -2.5593849914051693e-10, -1.6158432557399111e-15, 8.218246165358003e-16, 2.2681272542726175e-05, -1.484463128500713e-06, -8.816101327495598e-09, 6.098769806234997e-10]
8 [0.0, -1.0061229747138697e-12, -2.149190431683066e-13, 6.491736551674184e-11, -2.1714497233114331e-10, -1.3595075634687588e-15, 6.637624747116429e-16, 1.9854420109569518e-05, -1.7155553933209495e-06, -7.495808989569755e-09, 6.832858279053594e-10]
9 [0.0, -1.005409805836433e-12, -1.9501613272231578e-13, 6.670591161819353e-11, -2.5593849914051693e-10, -1.6158432557399111e-15, 8.218246165358003e-16, 2.2681272542726175e-05, -1.484463128500713e-06, -8.816101327495598e-09, 6.098769806234997e-10]
----------------------------
----After Mutation--- 
0 [0.0, -1.06098641789183e-12, -2.0583551051851282e-13, 6.718604650069057e-11, -2.1067608787113008e-10, -1.3595075634687588e-15, 6.556155985692051e-16, 1.9854420109569518e-05, -1.6060176086763102e-06, -7.880517690760735e-09, 7.201558699282589e-10]
1 [0.0, -1.005409805836433e-12, -2.0363624759753336e-13, 6.670591161819353e-11, -2.5593849914051693e-10, -1.583029226116098e-15, 8.218246165358003e-16, 2.2681272542726175e-05, -1.484463128500713e-06, -9.20068048106551e-09, 5.907513835390669e-10]
2 [0.0, -1.0061229747138697e-12, -2.204654351002562e-13, 6.491736551674184e-11, -2.163683793823498e-10, -1.3910113952543162e-15, 6.637624747116429e-16, 2.002572241812268e-05, -1.6845596828049204e-06, -8.075254597189385e-09, 6.411632811120945e-10]
3 [0.0, -9.22482575172864e-13, -1.9596037640133028e-13, 7.028654981287789e-11, -2.804818193022508e-10, -1.6158432557399111e-15, 8.297901330089036e-16, 2.4361142531115294e-05, -1.3901789877869264e-06, -8.962442872873925e-09, 6.448600097028973e-10]
4 [0.0, -1.1035254151506987e-12, -2.149190431683066e-13, 6.478979133377519e-11, -2.1714497233114331e-10, -1.3595075634687588e-15, 6.637624747116429e-16, 1.978713779831494e-05, -1.7803624767543122e-06, -7.787091032209498e-09, 6.261613475397374e-10]
5 [0.0, -1.032856980098002e-12, -2.0457426790997143e-13, 7.083971882812619e-11, -2.49525044653804e-10, -1.6219295009725998e-15, 8.852622401397606e-16, 2.412399292690106e-05, -1.484463128500713e-06, -9.646228452669763e-09, 6.31735515626601e-10]
6 [0.0, -1.0918855241854484e-12, -2.088370787129469e-13, 6.919133015227996e-11, -2.190680508176747e-10, -1.3369215829824852e-15, 6.637624747116429e-16, 1.9631587794857166e-05, -1.7155553933209495e-06, -7.619460029418011e-09, 6.336514195194136e-10]
7 [0.0, -9.743198247778056e-13, -1.8808142374337604e-13, 6.681306124067456e-11, -2.360782608990853e-10, -1.734645260544285e-15, 8.963549755369014e-16, 2.2019113334476515e-05, -1.5112532134455334e-06, -8.222547403966933e-09, 5.853724641798249e-10]
8 [0.0, -9.18208096697692e-13, -2.3430444901796114e-13, 6.491736551674184e-11, -2.1466497885533433e-10, -1.2547296434864351e-15, 6.637624747116429e-16, 2.016876544831493e-05, -1.7525422255679505e-06, -8.23294490002438e-09, 7.349106974962214e-10]
9 [0.0, -9.659580702123416e-13, -1.9501613272231578e-13, 6.610922387778132e-11, -2.55597883146709e-10, -1.6158432557399111e-15, 8.218246165358003e-16, 2.388586754673082e-05, -1.3675017081387742e-06, -8.562882839848079e-09, 6.098769806234997e-10]
----------------------------
Train and Validation error 
1768211197268.8853 4978501635047.635
533483445871.35986 234227656924.65918
1577171275001.2876 1470080980985.0361
3684032648179.243 10011561244123.58
5386607510576.591 7370773378900.373
384304279188.3971 1338794743317.2834
2356933964823.339 2597662565784.653
755897472593.9099 350049778987.85767
212119552394.5417 588238012907.628
2234403372368.977 6542980240030.644

-------------------NEW GENERATION-------------
[0.0, -1.005409805836433e-12, -1.9501613272231578e-13, 6.670591161819353e-11, -2.5593849914051693e-10, -1.3595075634687588e-15, 6.637624747116429e-16, 1.9854420109569518e-05, -1.7155553933209495e-06, -7.495808989569755e-09, 6.832858279053594e-10]

[0.0, -1.005409805836433e-12, -2.0363624759753336e-13, 6.670591161819353e-11, -2.5593849914051693e-10, -1.583029226116098e-15, 8.218246165358003e-16, 2.2681272542726175e-05, -1.484463128500713e-06, -9.20068048106551e-09, 5.907513835390669e-10]

[0.0, -9.18208096697692e-13, -2.3430444901796114e-13, 6.491736551674184e-11, -2.1466497885533433e-10, -1.2547296434864351e-15, 6.637624747116429e-16, 2.016876544831493e-05, -1.7525422255679505e-06, -8.23294490002438e-09, 7.349106974962214e-10]

[0.0, -9.743198247778056e-13, -1.8808142374337604e-13, 6.681306124067456e-11, -2.360782608990853e-10, -1.734645260544285e-15, 8.963549755369014e-16, 2.2019113334476515e-05, -1.5112532134455334e-06, -8.222547403966933e-09, 5.853724641798249e-10]

[0.0, -1.0061229747138697e-12, -2.149190431683066e-13, 6.491736551674184e-11, -2.1714497233114331e-10, -1.6158432557399111e-15, 8.218246165358003e-16, 2.2681272542726175e-05, -1.484463128500713e-06, -8.816101327495598e-09, 6.098769806234997e-10]

[0.0, -9.779142162915078e-13, -1.986847958849299e-13, 6.39498432815651e-11, -2.6878197327249966e-10, -1.7908319988315933e-15, 8.083311242173939e-16, 1.8627587966092073e-05, -1.4310809297006622e-06, -9.71963074967542e-09, 6.134505067130778e-10]

[0.0, -1.032856980098002e-12, -2.0457426790997143e-13, 7.083971882812619e-11, -2.49525044653804e-10, -1.6219295009725998e-15, 8.852622401397606e-16, 2.412399292690106e-05, -1.484463128500713e-06, -9.646228452669763e-09, 6.31735515626601e-10]

[0.0, -9.874166199906073e-13, -2.490623546866806e-13, 6.169386378458834e-11, -2.326519290243052e-10, -1.5510253325849042e-15, 7.915032770002363e-16, 2.0786809553629957e-05, -1.3935490543730235e-06, -8.626411671890258e-09, 5.373555711227406e-10]

[0.0, -1.0061229747138697e-12, -2.204654351002562e-13, 6.491736551674184e-11, -2.163683793823498e-10, -1.3910113952543162e-15, 6.637624747116429e-16, 2.002572241812268e-05, -1.6845596828049204e-06, -8.075254597189385e-09, 6.411632811120945e-10]

[0.0, -1.0179343153417216e-12, -2.3843384806330743e-13, 7.720739498828626e-11, -1.9819953589720033e-10, -1.6271295420495357e-15, 7.540254115982051e-16, 2.182586654466508e-05, -1.409467099432564e-06, -9.403135853691008e-09, 5.492993394437357e-10]

--------------------GENERATION ENDED-------------


Genetation iteration  3
--- Initial Population ----
[0.0, -1.0497492593020731e-12, -2.07424648959822e-13, 7.008078932024083e-11, -2.6824647408182253e-10, -1.3633525091532711e-15, 7.257916134900917e-16, 2.1092816520466126e-05, -1.8845174626602782e-06, -7.597525531426629e-09, 6.539054748915167e-10]

[0.0, -1.005409805836433e-12, -2.0818069888810722e-13, 6.701148128088525e-11, -2.5593849914051693e-10, -1.4565087632854736e-15, 7.818274246506409e-16, 2.2586613971524528e-05, -1.5732164965332353e-06, -9.597654862823337e-09, 5.362610405351394e-10]

[0.0, -9.394277795694999e-13, -2.4521336355278786e-13, 6.884916699054342e-11, -1.962595498938582e-10, -1.3788813270216414e-15, 6.506567285025313e-16, 1.881972646594391e-05, -1.7321567934830398e-06, -8.11645712318969e-09, 7.349106974962214e-10]

[0.0, -1.0303635079602382e-12, -1.9867619358038735e-13, 6.972077263530338e-11, -2.1989952460495453e-10, -1.734645260544285e-15, 8.963549755369014e-16, 2.0105077421280417e-05, -1.498967962899008e-06, -8.222547403966933e-09, 5.621774134639707e-10]

[0.0, -1.0829996338202347e-12, -2.278564808767846e-13, 6.679107213843924e-11, -2.240768588971829e-10, -1.6158432557399111e-15, 7.537016298700959e-16, 2.4563490827591893e-05, -1.3836326629582823e-06, -9.554610218522261e-09, 6.000546983339525e-10]

[0.0, -1.067654002326731e-12, -1.9949066546620649e-13, 6.437525301240879e-11, -2.4552810695990987e-10, -1.7908319988315933e-15, 8.816030148159445e-16, 1.724517747458283e-05, -1.310282893187829e-06, -9.145319625495986e-09, 6.52983173855157e-10]

[0.0, -1.0316717171311655e-12, -1.9938614077744184e-13, 6.578735133810111e-11, -2.382380929065046e-10, -1.7134597737540304e-15, 8.309220918386926e-16, 2.5903505483629986e-05, -1.48434033076733e-06, -9.646228452669763e-09, 6.674139854005016e-10]

[0.0, -1.0107434586961915e-12, -2.490623546866806e-13, 6.352141056431482e-11, -2.470923932015787e-10, -1.5510253325849042e-15, 8.150827930596973e-16, 2.0786809553629957e-05, -1.3586732687251746e-06, -8.719819150542769e-09, 5.898564883824976e-10]

[0.0, -9.474520515967332e-13, -2.0732409904589085e-13, 6.480358096066658e-11, -2.2211117097943428e-10, -1.4209679590155742e-15, 6.012431770807791e-16, 1.993307951884248e-05, -1.5770592295174333e-06, -7.599696753369421e-09, 6.337927015557833e-10]

[0.0, -1.0621556597575062e-12, -2.5149783223537643e-13, 8.2355205338693e-11, -1.894329532600354e-10, -1.6271295420495357e-15, 7.540254115982051e-16, 2.034965278726397e-05, -1.5473822161875558e-06, -9.858715933304324e-09, 5.550315313463015e-10]

----------------------------
Train and Validation error 
5665575533858.692 7629070859542.283
7170870829713.633 9973289026884.686
137713230777.29742 470866617185.7533
2242577817818.4316 2168003758886.418
818126832357.4515 2795877829010.465
1787580551375.9043 5465948457668.67
2294189992486.5005 6652282118901.717
389569441118.29767 1538709322745.476
214069595596.6236 135739662474.30302
7005524408381.615 9752358030529.377
After Selection (Parents Selected) 
[0.0, -9.394277795694999e-13, -2.4521336355278786e-13, 6.884916699054342e-11, -1.962595498938582e-10, -1.3788813270216414e-15, 6.506567285025313e-16, 1.881972646594391e-05, -1.7321567934830398e-06, -8.11645712318969e-09, 7.349106974962214e-10]
[0.0, -9.474520515967332e-13, -2.0732409904589085e-13, 6.480358096066658e-11, -2.2211117097943428e-10, -1.4209679590155742e-15, 6.012431770807791e-16, 1.993307951884248e-05, -1.5770592295174333e-06, -7.599696753369421e-09, 6.337927015557833e-10]
----------------------------
---After Crossover----
0 [0.0, -9.394277795694999e-13, -2.4521336355278786e-13, 6.884916699054342e-11, -1.962595498938582e-10, -1.4209679590155742e-15, 6.012431770807791e-16, 1.993307951884248e-05, -1.5770592295174333e-06, -7.599696753369421e-09, 6.337927015557833e-10]
1 [0.0, -9.474520515967332e-13, -2.0732409904589085e-13, 6.480358096066658e-11, -2.2211117097943428e-10, -1.3788813270216414e-15, 6.506567285025313e-16, 1.881972646594391e-05, -1.7321567934830398e-06, -8.11645712318969e-09, 7.349106974962214e-10]
2 [0.0, -9.394277795694999e-13, -2.4521336355278786e-13, 6.884916699054342e-11, -1.962595498938582e-10, -1.4209679590155742e-15, 6.012431770807791e-16, 1.993307951884248e-05, -1.5770592295174333e-06, -7.599696753369421e-09, 6.337927015557833e-10]
3 [0.0, -9.474520515967332e-13, -2.0732409904589085e-13, 6.480358096066658e-11, -2.2211117097943428e-10, -1.3788813270216414e-15, 6.506567285025313e-16, 1.881972646594391e-05, -1.7321567934830398e-06, -8.11645712318969e-09, 7.349106974962214e-10]
4 [0.0, -9.394277795694999e-13, -2.4521336355278786e-13, 6.884916699054342e-11, -1.962595498938582e-10, -1.4209679590155742e-15, 6.012431770807791e-16, 1.993307951884248e-05, -1.5770592295174333e-06, -7.599696753369421e-09, 6.337927015557833e-10]
5 [0.0, -9.474520515967332e-13, -2.0732409904589085e-13, 6.480358096066658e-11, -2.2211117097943428e-10, -1.3788813270216414e-15, 6.506567285025313e-16, 1.881972646594391e-05, -1.7321567934830398e-06, -8.11645712318969e-09, 7.349106974962214e-10]
6 [0.0, -9.394277795694999e-13, -2.4521336355278786e-13, 6.884916699054342e-11, -1.962595498938582e-10, -1.4209679590155742e-15, 6.012431770807791e-16, 1.993307951884248e-05, -1.5770592295174333e-06, -7.599696753369421e-09, 6.337927015557833e-10]
7 [0.0, -9.474520515967332e-13, -2.0732409904589085e-13, 6.480358096066658e-11, -2.2211117097943428e-10, -1.3788813270216414e-15, 6.506567285025313e-16, 1.881972646594391e-05, -1.7321567934830398e-06, -8.11645712318969e-09, 7.349106974962214e-10]
8 [0.0, -9.394277795694999e-13, -2.4521336355278786e-13, 6.884916699054342e-11, -1.962595498938582e-10, -1.4209679590155742e-15, 6.012431770807791e-16, 1.993307951884248e-05, -1.5770592295174333e-06, -7.599696753369421e-09, 6.337927015557833e-10]
9 [0.0, -9.474520515967332e-13, -2.0732409904589085e-13, 6.480358096066658e-11, -2.2211117097943428e-10, -1.3788813270216414e-15, 6.506567285025313e-16, 1.881972646594391e-05, -1.7321567934830398e-06, -8.11645712318969e-09, 7.349106974962214e-10]
----------------------------
----After Mutation--- 
0 [0.0, -9.86083642750319e-13, -2.2340949837187212e-13, 6.884916699054342e-11, -2.0327693290754869e-10, -1.55771268416337e-15, 5.5154115579690095e-16, 2.057579931028435e-05, -1.5854212365405182e-06, -8.352727027286363e-09, 5.893370325839327e-10]
1 [0.0, -1.0191704663513407e-12, -1.9014792039068777e-13, 6.811742177003765e-11, -2.3828820417323125e-10, -1.4358818405597452e-15, 6.506567285025313e-16, 1.7911476210493617e-05, -1.87127855837983e-06, -7.723001756243667e-09, 7.349106974962214e-10]
2 [0.0, -9.394277795694999e-13, -2.5358266367480835e-13, 6.884916699054342e-11, -1.978588088783196e-10, -1.3117225962933549e-15, 5.673452372373877e-16, 1.8536901493006062e-05, -1.5975210112475427e-06, -7.497299890383424e-09, 5.986656653774904e-10]
3 [0.0, -9.474520515967332e-13, -2.0732409904589085e-13, 7.091343520855136e-11, -2.1242958567318775e-10, -1.4272808150306629e-15, 7.094477290281957e-16, 1.697837822123277e-05, -1.7321567934830398e-06, -7.554155848685966e-09, 8.02493586251733e-10]
4 [0.0, -8.975885854742668e-13, -2.6045865311533214e-13, 6.296331715756468e-11, -1.8791344589235228e-10, -1.5051552888960257e-15, 5.488479923591152e-16, 1.993307951884248e-05, -1.6795356131377427e-06, -7.64805573686937e-09, 6.763555359061616e-10]
5 [0.0, -9.474520515967332e-13, -2.2552098707186095e-13, 6.877038352727709e-11, -2.3018642516332074e-10, -1.2832743466476147e-15, 6.506567285025313e-16, 2.0234741881138255e-05, -1.6309970739623954e-06, -8.685101589506169e-09, 6.622073706001114e-10]
6 [0.0, -9.394277795694999e-13, -2.6041013122779055e-13, 6.884916699054342e-11, -1.7832775954868728e-10, -1.5398247948849539e-15, 6.106213159168062e-16, 1.8294749298292783e-05, -1.5770592295174333e-06, -7.295449868579596e-09, 6.198671887752198e-10]
7 [0.0, -8.654649616055751e-13, -2.19133298909666e-13, 6.730324998289175e-11, -2.256384165937208e-10, -1.3788813270216414e-15, 6.505130288233136e-16, 1.843475151562909e-05, -1.786121167136206e-06, -8.11645712318969e-09, 7.895239465199553e-10]
8 [0.0, -9.966198594527758e-13, -2.6921240539158655e-13, 6.884916699054342e-11, -1.962595498938582e-10, -1.4209679590155742e-15, 5.88907384622673e-16, 2.0812894473015225e-05, -1.6746832410327896e-06, -7.3788794942770954e-09, 6.813530774153055e-10]
9 [0.0, -9.474520515967332e-13, -2.1318082119619456e-13, 7.060492559717466e-11, -2.0227225880196912e-10, -1.2465522197940972e-15, 6.83765484228514e-16, 1.969829980469815e-05, -1.7321567934830398e-06, -8.11645712318969e-09, 7.349106974962214e-10]
----------------------------
Train and Validation error 
2448736001636.0625 2562835629471.702
1446899072265.7896 1455217565883.4258
1777541569718.853 1826296395547.7944
2234630333702.3203 6047696860186.965
268867097199.65015 91585048535.65244
299712479601.0924 86405223154.7658
675364630222.9567 361302799990.77625
675834327916.8918 2182254001742.8953
269427681428.09888 617153832703.4705
288150072153.0548 933420999893.8079

-------------------NEW GENERATION-------------
[0.0, -9.474520515967332e-13, -2.0732409904589085e-13, 6.480358096066658e-11, -2.2211117097943428e-10, -1.4209679590155742e-15, 6.012431770807791e-16, 1.993307951884248e-05, -1.5770592295174333e-06, -7.599696753369421e-09, 6.337927015557833e-10]

[0.0, -9.394277795694999e-13, -2.4521336355278786e-13, 6.884916699054342e-11, -1.962595498938582e-10, -1.3788813270216414e-15, 6.506567285025313e-16, 1.881972646594391e-05, -1.7321567934830398e-06, -8.11645712318969e-09, 7.349106974962214e-10]

[0.0, -8.975885854742668e-13, -2.6045865311533214e-13, 6.296331715756468e-11, -1.8791344589235228e-10, -1.5051552888960257e-15, 5.488479923591152e-16, 1.993307951884248e-05, -1.6795356131377427e-06, -7.64805573686937e-09, 6.763555359061616e-10]

[0.0, -9.474520515967332e-13, -2.2552098707186095e-13, 6.877038352727709e-11, -2.3018642516332074e-10, -1.2832743466476147e-15, 6.506567285025313e-16, 2.0234741881138255e-05, -1.6309970739623954e-06, -8.685101589506169e-09, 6.622073706001114e-10]

[0.0, -1.0107434586961915e-12, -2.490623546866806e-13, 6.352141056431482e-11, -2.470923932015787e-10, -1.5510253325849042e-15, 8.150827930596973e-16, 2.0786809553629957e-05, -1.3586732687251746e-06, -8.719819150542769e-09, 5.898564883824976e-10]

[0.0, -9.394277795694999e-13, -2.6041013122779055e-13, 6.884916699054342e-11, -1.7832775954868728e-10, -1.5398247948849539e-15, 6.106213159168062e-16, 1.8294749298292783e-05, -1.5770592295174333e-06, -7.295449868579596e-09, 6.198671887752198e-10]

[0.0, -9.966198594527758e-13, -2.6921240539158655e-13, 6.884916699054342e-11, -1.962595498938582e-10, -1.4209679590155742e-15, 5.88907384622673e-16, 2.0812894473015225e-05, -1.6746832410327896e-06, -7.3788794942770954e-09, 6.813530774153055e-10]

[0.0, -9.474520515967332e-13, -2.1318082119619456e-13, 7.060492559717466e-11, -2.0227225880196912e-10, -1.2465522197940972e-15, 6.83765484228514e-16, 1.969829980469815e-05, -1.7321567934830398e-06, -8.11645712318969e-09, 7.349106974962214e-10]

[0.0, -1.0829996338202347e-12, -2.278564808767846e-13, 6.679107213843924e-11, -2.240768588971829e-10, -1.6158432557399111e-15, 7.537016298700959e-16, 2.4563490827591893e-05, -1.3836326629582823e-06, -9.554610218522261e-09, 6.000546983339525e-10]

[0.0, -1.0303635079602382e-12, -1.9867619358038735e-13, 6.972077263530338e-11, -2.1989952460495453e-10, -1.734645260544285e-15, 8.963549755369014e-16, 2.0105077421280417e-05, -1.498967962899008e-06, -8.222547403966933e-09, 5.621774134639707e-10]

--------------------GENERATION ENDED-------------


Genetation iteration  4
--- Initial Population ----
[0.0, -9.05862332480495e-13, -2.0732409904589085e-13, 6.083604198007505e-11, -2.28638722168067e-10, -1.4141121719436823e-15, 5.698488077533985e-16, 2.0811818268236143e-05, -1.6287161185791156e-06, -8.11084612460855e-09, 6.117551086665466e-10]

[0.0, -9.394277795694999e-13, -2.4521336355278786e-13, 6.579070931446658e-11, -1.9552617015542129e-10, -1.3788813270216414e-15, 6.724546756197672e-16, 1.881972646594391e-05, -1.839712535679218e-06, -8.888050397156455e-09, 7.37344570146704e-10]

[0.0, -9.536615484294884e-13, -2.743158099840793e-13, 6.901136316981021e-11, -1.8791344589235228e-10, -1.6255518980284086e-15, 5.364843447173633e-16, 2.0667300797068406e-05, -1.807676391968107e-06, -7.626156646441715e-09, 6.468861263039126e-10]

[0.0, -9.68527028353938e-13, -2.2552098707186095e-13, 6.884890398380524e-11, -2.0722382348465481e-10, -1.265514665630972e-15, 5.940626046071201e-16, 2.0234741881138255e-05, -1.779365747542602e-06, -8.685101589506169e-09, 6.437757391891991e-10]

[0.0, -9.591938639877163e-13, -2.7188157214630337e-13, 6.765244798618779e-11, -2.410703217003626e-10, -1.5810907359578985e-15, 7.960596360121122e-16, 2.179580658648784e-05, -1.3556072494163473e-06, -9.565088259629824e-09, 5.333683715304159e-10]

[0.0, -1.0138204068118502e-12, -2.7519353428628385e-13, 7.246770942145292e-11, -1.8979766875270135e-10, -1.463697457558494e-15, 6.106213159168062e-16, 1.9730284767095605e-05, -1.4472263717020196e-06, -6.665394177090778e-09, 5.961160009458152e-10]

[0.0, -9.295391162987197e-13, -2.7107527825188255e-13, 7.332997510574373e-11, -1.9141497583807435e-10, -1.4648710872897331e-15, 5.69775344428414e-16, 2.0052106501030448e-05, -1.759286212599932e-06, -6.7301902692038135e-09, 6.813530774153055e-10]

[0.0, -9.961668571401223e-13, -2.110994473949042e-13, 7.128667963570713e-11, -2.0227225880196912e-10, -1.2465522197940972e-15, 6.661708019739482e-16, 1.969829980469815e-05, -1.846505099064013e-06, -7.889601077365632e-09, 7.286286763412334e-10]

[0.0, -1.0829996338202347e-12, -2.441706872914005e-13, 6.652984753860432e-11, -2.240768588971829e-10, -1.7394137328142918e-15, 7.290457956260939e-16, 2.4563490827591893e-05, -1.3411331254198795e-06, -9.972519516944396e-09, 5.992214715455769e-10]

[0.0, -1.0303635079602382e-12, -1.8893738974516373e-13, 6.972077263530338e-11, -2.1542639448544477e-10, -1.572507171542075e-15, 8.436004526640982e-16, 2.0508799811054616e-05, -1.498967962899008e-06, -7.965131190392695e-09, 5.642354009263718e-10]

----------------------------
Train and Validation error 
1616351841349.9275 1446881611005.5757
1334248266578.3855 1369954901677.9731
4266986440976.407 5178061983770.549
4769495369275.138 6569681022312.002
1082495520611.4482 784057418409.3606
487611832311.0081 1675220972192.227
492126703374.4515 104713208294.02243
679866651647.064 398250118579.69305
1019488752372.4353 3500470797891.066
1438341254639.3972 1151761971666.1565
After Selection (Parents Selected) 
[0.0, -9.961668571401223e-13, -2.110994473949042e-13, 7.128667963570713e-11, -2.0227225880196912e-10, -1.2465522197940972e-15, 6.661708019739482e-16, 1.969829980469815e-05, -1.846505099064013e-06, -7.889601077365632e-09, 7.286286763412334e-10]
[0.0, -9.295391162987197e-13, -2.7107527825188255e-13, 7.332997510574373e-11, -1.9141497583807435e-10, -1.4648710872897331e-15, 5.69775344428414e-16, 2.0052106501030448e-05, -1.759286212599932e-06, -6.7301902692038135e-09, 6.813530774153055e-10]
----------------------------
---After Crossover----
0 [0.0, -9.961668571401223e-13, -2.110994473949042e-13, 7.128667963570713e-11, -2.0227225880196912e-10, -1.4648710872897331e-15, 5.69775344428414e-16, 2.0052106501030448e-05, -1.759286212599932e-06, -6.7301902692038135e-09, 6.813530774153055e-10]
1 [0.0, -9.295391162987197e-13, -2.7107527825188255e-13, 7.332997510574373e-11, -1.9141497583807435e-10, -1.2465522197940972e-15, 6.661708019739482e-16, 1.969829980469815e-05, -1.846505099064013e-06, -7.889601077365632e-09, 7.286286763412334e-10]
2 [0.0, -9.961668571401223e-13, -2.110994473949042e-13, 7.128667963570713e-11, -2.0227225880196912e-10, -1.4648710872897331e-15, 5.69775344428414e-16, 2.0052106501030448e-05, -1.759286212599932e-06, -6.7301902692038135e-09, 6.813530774153055e-10]
3 [0.0, -9.295391162987197e-13, -2.7107527825188255e-13, 7.332997510574373e-11, -1.9141497583807435e-10, -1.2465522197940972e-15, 6.661708019739482e-16, 1.969829980469815e-05, -1.846505099064013e-06, -7.889601077365632e-09, 7.286286763412334e-10]
4 [0.0, -9.961668571401223e-13, -2.110994473949042e-13, 7.128667963570713e-11, -2.0227225880196912e-10, -1.4648710872897331e-15, 5.69775344428414e-16, 2.0052106501030448e-05, -1.759286212599932e-06, -6.7301902692038135e-09, 6.813530774153055e-10]
5 [0.0, -9.295391162987197e-13, -2.7107527825188255e-13, 7.332997510574373e-11, -1.9141497583807435e-10, -1.2465522197940972e-15, 6.661708019739482e-16, 1.969829980469815e-05, -1.846505099064013e-06, -7.889601077365632e-09, 7.286286763412334e-10]
6 [0.0, -9.961668571401223e-13, -2.110994473949042e-13, 7.128667963570713e-11, -2.0227225880196912e-10, -1.4648710872897331e-15, 5.69775344428414e-16, 2.0052106501030448e-05, -1.759286212599932e-06, -6.7301902692038135e-09, 6.813530774153055e-10]
7 [0.0, -9.295391162987197e-13, -2.7107527825188255e-13, 7.332997510574373e-11, -1.9141497583807435e-10, -1.2465522197940972e-15, 6.661708019739482e-16, 1.969829980469815e-05, -1.846505099064013e-06, -7.889601077365632e-09, 7.286286763412334e-10]
8 [0.0, -9.961668571401223e-13, -2.110994473949042e-13, 7.128667963570713e-11, -2.0227225880196912e-10, -1.4648710872897331e-15, 5.69775344428414e-16, 2.0052106501030448e-05, -1.759286212599932e-06, -6.7301902692038135e-09, 6.813530774153055e-10]
9 [0.0, -9.295391162987197e-13, -2.7107527825188255e-13, 7.332997510574373e-11, -1.9141497583807435e-10, -1.2465522197940972e-15, 6.661708019739482e-16, 1.969829980469815e-05, -1.846505099064013e-06, -7.889601077365632e-09, 7.286286763412334e-10]
----------------------------
----After Mutation--- 
0 [0.0, -9.961668571401223e-13, -2.11745958157755e-13, 7.543100908607678e-11, -2.1315534635297945e-10, -1.4125091166883062e-15, 5.69775344428414e-16, 2.0285983016098246e-05, -1.759286212599932e-06, -7.178799906301638e-09, 6.864429392099382e-10]
1 [0.0, -8.747381847944114e-13, -2.601351331639952e-13, 7.042099061557471e-11, -2.0810814062998908e-10, -1.3225157975783256e-15, 7.063660308340719e-16, 2.13729544786111e-05, -1.7708836364428684e-06, -8.582884649713405e-09, 7.368508523388893e-10]
2 [0.0, -9.961668571401223e-13, -1.9492375304082406e-13, 7.415371936312852e-11, -1.858724519091598e-10, -1.5465531965796585e-15, 5.495070817510337e-16, 1.947454566786127e-05, -1.745979340511556e-06, -7.396277710175718e-09, 6.813530774153055e-10]
3 [0.0, -9.295391162987197e-13, -2.6317674532501816e-13, 7.041926804302807e-11, -1.9141497583807435e-10, -1.2465522197940972e-15, 6.661708019739482e-16, 1.807331478566319e-05, -1.846505099064013e-06, -7.889601077365632e-09, 7.896316198561062e-10]
4 [0.0, -1.0276264065416204e-12, -2.22728128806293e-13, 6.479542809257315e-11, -1.9562736406925219e-10, -1.5222042706979328e-15, 5.69775344428414e-16, 2.0198259869581155e-05, -1.7843616876790325e-06, -6.7301902692038135e-09, 6.525338637490911e-10]
5 [0.0, -9.773546873810283e-13, -2.53029660354841e-13, 7.35468816626833e-11, -1.8218609749396743e-10, -1.3269411241920177e-15, 6.635605751519251e-16, 1.998697149003651e-05, -1.8282084558684783e-06, -7.889601077365632e-09, 7.033543033389964e-10]
6 [0.0, -9.961668571401223e-13, -2.1360766815641408e-13, 6.852836333660885e-11, -2.114949703352166e-10, -1.4243438970780782e-15, 6.024430673732904e-16, 2.0164493709618203e-05, -1.759286212599932e-06, -6.9940888537356716e-09, 7.139043867241989e-10]
7 [0.0, -9.555646640476629e-13, -2.702514674648432e-13, 6.698256311546981e-11, -1.94086308954659e-10, -1.1369615973263616e-15, 6.826552327030219e-16, 1.969829980469815e-05, -1.8259533150921245e-06, -8.468971717986434e-09, 7.397625968413791e-10]
8 [0.0, -9.079256350470674e-13, -2.110994473949042e-13, 7.543575907120419e-11, -2.0227225880196912e-10, -1.5473015991144883e-15, 5.522158487465548e-16, 2.1296985851299505e-05, -1.8376406566712e-06, -6.7301902692038135e-09, 7.284932524348883e-10]
9 [0.0, -9.078835826078605e-13, -2.862914301170729e-13, 7.786911335432458e-11, -1.9141497583807435e-10, -1.2669684545857976e-15, 6.661708019739482e-16, 1.877054213722093e-05, -1.6690238246381703e-06, -8.147440028213967e-09, 7.329601646488839e-10]
----------------------------
Train and Validation error 
479400282006.08484 112327062089.02373
211615813428.2239 444105567292.97424
809716617460.0144 441360549691.59705
231014365888.28287 755419208196.0227
2018141246638.2246 1819173012050.5718
1323664593437.8093 1152445341202.0747
279398902234.4873 538584485461.08136
367148906516.14294 155405619182.42386
374291238903.6897 344438056273.3529
611100037252.0525 2018479455399.0874

-------------------NEW GENERATION-------------
[0.0, -9.295391162987197e-13, -2.7107527825188255e-13, 7.332997510574373e-11, -1.9141497583807435e-10, -1.4648710872897331e-15, 5.69775344428414e-16, 2.0052106501030448e-05, -1.759286212599932e-06, -6.7301902692038135e-09, 6.813530774153055e-10]

[0.0, -9.961668571401223e-13, -2.110994473949042e-13, 7.128667963570713e-11, -2.0227225880196912e-10, -1.2465522197940972e-15, 6.661708019739482e-16, 1.969829980469815e-05, -1.846505099064013e-06, -7.889601077365632e-09, 7.286286763412334e-10]

[0.0, -9.555646640476629e-13, -2.702514674648432e-13, 6.698256311546981e-11, -1.94086308954659e-10, -1.1369615973263616e-15, 6.826552327030219e-16, 1.969829980469815e-05, -1.8259533150921245e-06, -8.468971717986434e-09, 7.397625968413791e-10]

[0.0, -9.961668571401223e-13, -2.11745958157755e-13, 7.543100908607678e-11, -2.1315534635297945e-10, -1.4125091166883062e-15, 5.69775344428414e-16, 2.0285983016098246e-05, -1.759286212599932e-06, -7.178799906301638e-09, 6.864429392099382e-10]

[0.0, -9.591938639877163e-13, -2.7188157214630337e-13, 6.765244798618779e-11, -2.410703217003626e-10, -1.5810907359578985e-15, 7.960596360121122e-16, 2.179580658648784e-05, -1.3556072494163473e-06, -9.565088259629824e-09, 5.333683715304159e-10]

[0.0, -9.079256350470674e-13, -2.110994473949042e-13, 7.543575907120419e-11, -2.0227225880196912e-10, -1.5473015991144883e-15, 5.522158487465548e-16, 2.1296985851299505e-05, -1.8376406566712e-06, -6.7301902692038135e-09, 7.284932524348883e-10]

[0.0, -8.747381847944114e-13, -2.601351331639952e-13, 7.042099061557471e-11, -2.0810814062998908e-10, -1.3225157975783256e-15, 7.063660308340719e-16, 2.13729544786111e-05, -1.7708836364428684e-06, -8.582884649713405e-09, 7.368508523388893e-10]

[0.0, -1.0303635079602382e-12, -1.8893738974516373e-13, 6.972077263530338e-11, -2.1542639448544477e-10, -1.572507171542075e-15, 8.436004526640982e-16, 2.0508799811054616e-05, -1.498967962899008e-06, -7.965131190392695e-09, 5.642354009263718e-10]

[0.0, -9.961668571401223e-13, -2.1360766815641408e-13, 6.852836333660885e-11, -2.114949703352166e-10, -1.4243438970780782e-15, 6.024430673732904e-16, 2.0164493709618203e-05, -1.759286212599932e-06, -6.9940888537356716e-09, 7.139043867241989e-10]

[0.0, -1.0138204068118502e-12, -2.7519353428628385e-13, 7.246770942145292e-11, -1.8979766875270135e-10, -1.463697457558494e-15, 6.106213159168062e-16, 1.9730284767095605e-05, -1.4472263717020196e-06, -6.665394177090778e-09, 5.961160009458152e-10]

--------------------GENERATION ENDED-------------


Train and Validation error 
492126703374.4515 104713208294.02243
679866651647.064 398250118579.69305
367148906516.14294 155405619182.42386
479400282006.08484 112327062089.02373
1082495520611.4482 784057418409.3606
374291238903.6897 344438056273.3529
211615813428.2239 444105567292.97424
1438341254639.3972 1151761971666.1565
279398902234.4873 538584485461.08136
487611832311.0081 1675220972192.227
-------------------NEW GENERATION-------------

[0.0, -9.295391162987197e-13, -2.7107527825188255e-13, 7.332997510574373e-11, -1.9141497583807435e-10, -1.4648710872897331e-15, 5.69775344428414e-16, 2.0052106501030448e-05, -1.759286212599932e-06, -6.7301902692038135e-09, 6.813530774153055e-10]

[0.0, -9.961668571401223e-13, -2.110994473949042e-13, 7.128667963570713e-11, -2.0227225880196912e-10, -1.2465522197940972e-15, 6.661708019739482e-16, 1.969829980469815e-05, -1.846505099064013e-06, -7.889601077365632e-09, 7.286286763412334e-10]

[0.0, -9.555646640476629e-13, -2.702514674648432e-13, 6.698256311546981e-11, -1.94086308954659e-10, -1.1369615973263616e-15, 6.826552327030219e-16, 1.969829980469815e-05, -1.8259533150921245e-06, -8.468971717986434e-09, 7.397625968413791e-10]

[0.0, -9.961668571401223e-13, -2.11745958157755e-13, 7.543100908607678e-11, -2.1315534635297945e-10, -1.4125091166883062e-15, 5.69775344428414e-16, 2.0285983016098246e-05, -1.759286212599932e-06, -7.178799906301638e-09, 6.864429392099382e-10]

[0.0, -9.591938639877163e-13, -2.7188157214630337e-13, 6.765244798618779e-11, -2.410703217003626e-10, -1.5810907359578985e-15, 7.960596360121122e-16, 2.179580658648784e-05, -1.3556072494163473e-06, -9.565088259629824e-09, 5.333683715304159e-10]

[0.0, -9.079256350470674e-13, -2.110994473949042e-13, 7.543575907120419e-11, -2.0227225880196912e-10, -1.5473015991144883e-15, 5.522158487465548e-16, 2.1296985851299505e-05, -1.8376406566712e-06, -6.7301902692038135e-09, 7.284932524348883e-10]

[0.0, -8.747381847944114e-13, -2.601351331639952e-13, 7.042099061557471e-11, -2.0810814062998908e-10, -1.3225157975783256e-15, 7.063660308340719e-16, 2.13729544786111e-05, -1.7708836364428684e-06, -8.582884649713405e-09, 7.368508523388893e-10]

[0.0, -1.0303635079602382e-12, -1.8893738974516373e-13, 6.972077263530338e-11, -2.1542639448544477e-10, -1.572507171542075e-15, 8.436004526640982e-16, 2.0508799811054616e-05, -1.498967962899008e-06, -7.965131190392695e-09, 5.642354009263718e-10]

[0.0, -9.961668571401223e-13, -2.1360766815641408e-13, 6.852836333660885e-11, -2.114949703352166e-10, -1.4243438970780782e-15, 6.024430673732904e-16, 2.0164493709618203e-05, -1.759286212599932e-06, -6.9940888537356716e-09, 7.139043867241989e-10]

[0.0, -1.0138204068118502e-12, -2.7519353428628385e-13, 7.246770942145292e-11, -1.8979766875270135e-10, -1.463697457558494e-15, 6.106213159168062e-16, 1.9730284767095605e-05, -1.4472263717020196e-06, -6.665394177090778e-09, 5.961160009458152e-10]

--------------------GENERATION ENDED-------------

Final Vector submitted
[0.0, -1.0138204068118502e-12, -2.7519353428628385e-13, 7.246770942145292e-11, -1.8979766875270135e-10, -1.463697457558494e-15, 6.106213159168062e-16, 1.9730284767095605e-05, -1.4472263717020196e-06, -6.665394177090778e-09, 5.961160009458152e-10]
